no cancel	 0.0076752	 0.0000178	 0.000000	 0.000000	 0.000000	 0.000000
shape (global)	 0.0026739	 0.0000062	 2.870363	 0.009379	 8.238985	 0.053840
both (global)	 0.0022664	 0.0000052	 3.386539	 0.011093	 11.468644	 0.075132
RM	 0.0043943	 0.0000206	 1.746602	 0.009124	 3.050617	 0.031873
no cancel	 0.0046788	 0.0000109	 0.000000	 0.000000	 0.000000	 0.000000
shape (global)	 0.0021374	 0.0000049	 2.189019	 0.007134	 4.791805	 0.031234
both (global)	 0.0017422	 0.0000040	 2.685550	 0.008777	 7.212181	 0.047143
RM	 0.0028261	 0.0000141	 1.655570	 0.009086	 2.740911	 0.030087
no cancel	 0.0031634	 0.0000073	 0.000000	 0.000000	 0.000000	 0.000000
shape (global)	 0.0016861	 0.0000039	 1.876174	 0.006091	 3.520029	 0.022857
both (global)	 0.0013148	 0.0000030	 2.406070	 0.007834	 5.789171	 0.037698
RM	 0.0018126	 0.0000095	 1.745219	 0.009969	 3.045790	 0.034798
no cancel	 0.0021995	 0.0000051	 0.000000	 0.000000	 0.000000	 0.000000
shape (global)	 0.0014934	 0.0000035	 1.472792	 0.004839	 2.169117	 0.014254
both (global)	 0.0010849	 0.0000025	 2.027314	 0.006618	 4.110002	 0.026833
RM	 0.0014257	 0.0000073	 1.542698	 0.008662	 2.379916	 0.026727
no cancel	 0.0023850	 0.0000054	 0.000000	 0.000000	 0.000000	 0.000000
shape (global)	 0.0020818	 0.0000048	 1.145621	 0.003692	 1.312448	 0.008459
both (global)	 0.0015473	 0.0000035	 1.541340	 0.004963	 2.375730	 0.015298
RM	 0.0020941	 0.0000108	 1.138874	 0.006394	 1.297035	 0.014563
no cancel	 0.0044423	 0.0000102	 0.000000	 0.000000	 0.000000	 0.000000
shape (global)	 0.0042342	 0.0000097	 1.049146	 0.003410	 1.100707	 0.007154
both (global)	 0.0032723	 0.0000076	 1.357576	 0.004433	 1.843013	 0.012036
RM	 0.0042948	 0.0000220	 1.034348	 0.005811	 1.069875	 0.012021
no cancel	 0.0014786	 0.0000034	 0.000000	 0.000000	 0.000000	 0.000000
shape (global)	 0.0013299	 0.0000030	 1.111828	 0.003611	 1.236161	 0.008029
both (global)	 0.0010055	 0.0000023	 1.470495	 0.004791	 2.162354	 0.014090
RM	 0.0011901	 0.0000053	 1.242395	 0.006229	 1.543546	 0.015478
no cancel	 0.0080849	 0.0000185	 0.000000	 0.000000	 0.000000	 0.000000
shape (global)	 0.0022615	 0.0000052	 3.575062	 0.011560	 12.781065	 0.082656
both (global)	 0.0019695	 0.0000045	 4.104999	 0.013304	 16.851016	 0.109224
RM	 0.0037271	 0.0000151	 2.169231	 0.010089	 4.705561	 0.043772
no cancel	 0.0048371	 0.0000112	 0.000000	 0.000000	 0.000000	 0.000000
shape (global)	 0.0018381	 0.0000042	 2.631531	 0.008570	 6.924956	 0.045104
both (global)	 0.0015391	 0.0000035	 3.142818	 0.010241	 9.877308	 0.064369
RM	 0.0023021	 0.0000097	 2.101168	 0.010083	 4.414905	 0.042371
no cancel	 0.0031687	 0.0000071	 0.000000	 0.000000	 0.000000	 0.000000
shape (global)	 0.0015154	 0.0000035	 2.091016	 0.006712	 4.372349	 0.028069
both (global)	 0.0012049	 0.0000028	 2.629771	 0.008550	 6.915698	 0.044970
RM	 0.0016671	 0.0000079	 1.900774	 0.009985	 3.612941	 0.037959
no cancel	 0.0022657	 0.0000052	 0.000000	 0.000000	 0.000000	 0.000000
shape (global)	 0.0013140	 0.0000030	 1.724265	 0.005626	 2.973090	 0.019403
both (global)	 0.0009648	 0.0000022	 2.348258	 0.007644	 5.514316	 0.035898
RM	 0.0012515	 0.0000066	 1.810414	 0.010477	 3.277599	 0.037937
no cancel	 0.0025261	 0.0000058	 0.000000	 0.000000	 0.000000	 0.000000
shape (global)	 0.0020984	 0.0000048	 1.203857	 0.003886	 1.449271	 0.009356
both (global)	 0.0015557	 0.0000036	 1.623803	 0.005257	 2.636737	 0.017074
RM	 0.0021930	 0.0000108	 1.151917	 0.006239	 1.326914	 0.014373
no cancel	 0.0044350	 0.0000103	 0.000000	 0.000000	 0.000000	 0.000000
shape (global)	 0.0043592	 0.0000100	 1.017387	 0.003321	 1.035075	 0.006758
both (global)	 0.0033335	 0.0000076	 1.330434	 0.004336	 1.770054	 0.011538
RM	 0.0048553	 0.0000241	 0.913437	 0.005012	 0.834367	 0.009157
no cancel	 0.0014829	 0.0000034	 0.000000	 0.000000	 0.000000	 0.000000
shape (global)	 0.0013394	 0.0000031	 1.107138	 0.003594	 1.225755	 0.007959
both (global)	 0.0010193	 0.0000023	 1.454872	 0.004691	 2.116654	 0.013650
RM	 0.0011924	 0.0000056	 1.243663	 0.006490	 1.546697	 0.016143
no cancel	 0.0076511	 0.0000175	 0.000000	 0.000000	 0.000000	 0.000000
shape (global)	 0.0024842	 0.0000057	 3.079915	 0.009993	 9.485878	 0.061558
both (global)	 0.0019215	 0.0000044	 3.981751	 0.012881	 15.854339	 0.102582
RM	 0.0043943	 0.0000206	 1.741129	 0.009074	 3.031529	 0.031599
no cancel	 0.0048553	 0.0000111	 0.000000	 0.000000	 0.000000	 0.000000
shape (global)	 0.0019717	 0.0000046	 2.462452	 0.008031	 6.063668	 0.039553
both (global)	 0.0014493	 0.0000033	 3.350110	 0.010880	 11.223238	 0.072898
RM	 0.0028261	 0.0000141	 1.718009	 0.009403	 2.951553	 0.032309
no cancel	 0.0031709	 0.0000072	 0.000000	 0.000000	 0.000000	 0.000000
shape (global)	 0.0015910	 0.0000037	 1.993016	 0.006474	 3.972114	 0.025805
both (global)	 0.0011056	 0.0000025	 2.868151	 0.009310	 8.226289	 0.053403
RM	 0.0018126	 0.0000095	 1.749347	 0.009978	 3.060214	 0.034908
no cancel	 0.0022769	 0.0000052	 0.000000	 0.000000	 0.000000	 0.000000
shape (global)	 0.0014257	 0.0000033	 1.597059	 0.005190	 2.550597	 0.016577
both (global)	 0.0009513	 0.0000022	 2.393512	 0.007804	 5.728900	 0.037357
RM	 0.0014257	 0.0000073	 1.597017	 0.008943	 2.550463	 0.028566
no cancel	 0.0021983	 0.0000051	 0.000000	 0.000000	 0.000000	 0.000000
shape (global)	 0.0019706	 0.0000045	 1.115538	 0.003613	 1.244425	 0.008061
both (global)	 0.0014785	 0.0000033	 1.486875	 0.004813	 2.210797	 0.014314
RM	 0.0020941	 0.0000108	 1.049735	 0.005913	 1.101943	 0.012414
no cancel	 0.0043160	 0.0000099	 0.000000	 0.000000	 0.000000	 0.000000
shape (global)	 0.0042894	 0.0000097	 1.006196	 0.003231	 1.012430	 0.006502
both (global)	 0.0033150	 0.0000075	 1.301944	 0.004196	 1.695059	 0.010925
RM	 0.0042948	 0.0000220	 1.004930	 0.005638	 1.009884	 0.011331
no cancel	 0.0014145	 0.0000033	 0.000000	 0.000000	 0.000000	 0.000000
shape (global)	 0.0012894	 0.0000029	 1.097089	 0.003533	 1.203603	 0.007752
both (global)	 0.0009796	 0.0000022	 1.443948	 0.004695	 2.084987	 0.013559
RM	 0.0011901	 0.0000053	 1.188585	 0.005959	 1.412735	 0.014166
no cancel	 0.0082188	 0.0000189	 0.000000	 0.000000	 0.000000	 0.000000
shape (global)	 0.0020449	 0.0000047	 4.019143	 0.013052	 16.153512	 0.104916
both (global)	 0.0016840	 0.0000038	 4.880412	 0.015817	 23.818420	 0.154388
RM	 0.0037271	 0.0000151	 2.205161	 0.010275	 4.862733	 0.045318
no cancel	 0.0051463	 0.0000117	 0.000000	 0.000000	 0.000000	 0.000000
shape (global)	 0.0017108	 0.0000039	 3.008161	 0.009749	 9.049034	 0.058656
both (global)	 0.0013119	 0.0000030	 3.922636	 0.012714	 15.387075	 0.099742
RM	 0.0023021	 0.0000097	 2.235457	 0.010693	 4.997268	 0.047809
no cancel	 0.0032164	 0.0000072	 0.000000	 0.000000	 0.000000	 0.000000
shape (global)	 0.0014005	 0.0000032	 2.296641	 0.007369	 5.274558	 0.033846
both (global)	 0.0009917	 0.0000023	 3.243319	 0.010451	 10.519117	 0.067794
RM	 0.0016671	 0.0000079	 1.929382	 0.010132	 3.722516	 0.039098
no cancel	 0.0023167	 0.0000052	 0.000000	 0.000000	 0.000000	 0.000000
shape (global)	 0.0013118	 0.0000031	 1.765995	 0.005742	 3.118737	 0.020279
both (global)	 0.0008643	 0.0000020	 2.680463	 0.008614	 7.184883	 0.046179
RM	 0.0012515	 0.0000066	 1.851157	 0.010686	 3.426782	 0.039564
no cancel	 0.0023475	 0.0000053	 0.000000	 0.000000	 0.000000	 0.000000
shape (global)	 0.0020151	 0.0000047	 1.164942	 0.003768	 1.357090	 0.008779
both (global)	 0.0014858	 0.0000034	 1.579904	 0.005048	 2.496097	 0.015952
RM	 0.0021930	 0.0000108	 1.070448	 0.005787	 1.145859	 0.012389
no cancel	 0.0044217	 0.0000103	 0.000000	 0.000000	 0.000000	 0.000000
shape (global)	 0.0043855	 0.0000100	 1.008270	 0.003289	 1.016609	 0.006632
both (global)	 0.0033050	 0.0000075	 1.337897	 0.004356	 1.789968	 0.011656
RM	 0.0048553	 0.0000241	 0.910701	 0.005000	 0.829376	 0.009107
no cancel	 0.0014124	 0.0000032	 0.000000	 0.000000	 0.000000	 0.000000
shape (global)	 0.0012919	 0.0000029	 1.093296	 0.003517	 1.195296	 0.007691
both (global)	 0.0009803	 0.0000023	 1.440779	 0.004681	 2.075844	 0.013490
RM	 0.0011924	 0.0000056	 1.184537	 0.006170	 1.403128	 0.014617
