4800000 	 240000 	 1 	 1 	 0.057354 	 0.054789 	 -0.000210 	 0.000671	 -1	 _mod	 4745550.0	 6000000	 0.001180	 0.000014
4800000 	 240000 	 1 	 1 	 0.075176 	 0.032857 	 0.000818 	 0.000397	 -1	 _mod	 4745550.0	 6000000	 0.000684	 0.000008
4800000 	 240000 	 1 	 1 	 0.025173 	 0.020986 	 0.000880 	 0.000253	 -1	 _mod	 4745550.0	 6000000	 0.000430	 0.000005
4800000 	 240000 	 1 	 1 	 -0.018112 	 0.016730 	 0.000437 	 0.000203	 -1	 _mod	 4745550.0	 6000000	 0.000320	 0.000004
4800000 	 240000 	 1 	 1 	 0.011335 	 0.011837 	 0.000609 	 0.000143	 -1	 _mod	 4745550.0	 6000000	 0.000256	 0.000003
4800000 	 240000 	 1 	 1 	 0.019407 	 0.076933 	 0.000364 	 0.000935	 -1	 _mod	 2372770.0	 3000000	 0.001510	 0.000019
4800000 	 240000 	 1 	 1 	 0.042343 	 0.046220 	 0.001255 	 0.000562	 -1	 _mod	 2372770.0	 3000000	 0.000865	 0.000011
4800000 	 240000 	 1 	 1 	 0.064340 	 0.029549 	 0.000785 	 0.000359	 -1	 _mod	 2372770.0	 3000000	 0.000653	 0.000008
4800000 	 240000 	 1 	 1 	 -0.008652 	 0.023551 	 0.000481 	 0.000286	 -1	 _mod	 2372770.0	 3000000	 0.000470	 0.000005
4800000 	 240000 	 1 	 1 	 0.024465 	 0.016607 	 0.000662 	 0.000204	 -1	 _mod	 2372770.0	 3000000	 0.000348	 0.000004
4800000 	 240000 	 1 	 1 	 -0.033708 	 0.095273 	 0.001168 	 0.001162	 -1	 _mod	 1581842.0	 2000000	 0.001542	 0.000023
4800000 	 240000 	 1 	 1 	 0.076865 	 0.056152 	 0.001825 	 0.000683	 -1	 _mod	 1581842.0	 2000000	 0.001127	 0.000015
4800000 	 240000 	 1 	 1 	 0.091836 	 0.036209 	 0.000411 	 0.000439	 -1	 _mod	 1581842.0	 2000000	 0.000732	 0.000009
4800000 	 240000 	 1 	 1 	 -0.025885 	 0.028847 	 0.000353 	 0.000352	 -1	 _mod	 1581842.0	 2000000	 0.000660	 0.000007
4800000 	 240000 	 1 	 1 	 0.025622 	 0.020560 	 0.000591 	 0.000248	 -1	 _mod	 1581842.0	 2000000	 0.000426	 0.000005
4800000 	 240000 	 1 	 1 	 -0.004236 	 0.108756 	 0.001140 	 0.001334	 -1	 _mod	 1186379.0	 1500000	 0.002403	 0.000027
4800000 	 240000 	 1 	 1 	 0.086610 	 0.063626 	 0.001391 	 0.000775	 -1	 _mod	 1186379.0	 1500000	 0.001179	 0.000015
4800000 	 240000 	 1 	 1 	 0.056940 	 0.041560 	 0.000668 	 0.000508	 -1	 _mod	 1186379.0	 1500000	 0.000786	 0.000010
4800000 	 240000 	 1 	 1 	 -0.068812 	 0.033178 	 0.000392 	 0.000405	 -1	 _mod	 1186379.0	 1500000	 0.000693	 0.000008
4800000 	 240000 	 1 	 1 	 -0.003351 	 0.023396 	 0.000661 	 0.000287	 -1	 _mod	 1186379.0	 1500000	 0.000473	 0.000006
4800000 	 240000 	 1 	 1 	 -0.013041 	 0.121877 	 0.000886 	 0.001493	 -1	 _mod	 949101.0	 1200000	 0.002269	 0.000028
4800000 	 240000 	 1 	 1 	 0.080663 	 0.072678 	 0.001230 	 0.000885	 -1	 _mod	 949101.0	 1200000	 0.001608	 0.000020
4800000 	 240000 	 1 	 1 	 0.046341 	 0.047012 	 0.000531 	 0.000574	 -1	 _mod	 949101.0	 1200000	 0.001083	 0.000013
4800000 	 240000 	 1 	 1 	 -0.078536 	 0.037011 	 0.000113 	 0.000450	 -1	 _mod	 949101.0	 1200000	 0.000688	 0.000009
4800000 	 240000 	 1 	 1 	 -0.014509 	 0.026460 	 0.000433 	 0.000321	 -1	 _mod	 949101.0	 1200000	 0.000620	 0.000007
4800000 	 240000 	 1 	 1 	 -0.128127 	 0.131620 	 0.000842 	 0.001632	 -1	 _mod	 790916.0	 1000000	 0.002899	 0.000036
4800000 	 240000 	 1 	 1 	 0.119635 	 0.079780 	 0.002003 	 0.000968	 -1	 _mod	 790916.0	 1000000	 0.001720	 0.000021
4800000 	 240000 	 1 	 1 	 0.036901 	 0.051197 	 0.000734 	 0.000624	 -1	 _mod	 790916.0	 1000000	 0.001240	 0.000016
4800000 	 240000 	 1 	 1 	 -0.077825 	 0.040810 	 0.000213 	 0.000497	 -1	 _mod	 790916.0	 1000000	 0.000773	 0.000010
4800000 	 240000 	 1 	 1 	 -0.018497 	 0.029085 	 0.000706 	 0.000354	 -1	 _mod	 790916.0	 1000000	 0.000609	 0.000008
4800000 	 240000 	 1 	 1 	 -0.173562 	 0.143435 	 0.001634 	 0.001761	 -1	 _mod	 677927.0	 857142	 0.003346	 0.000038
4800000 	 240000 	 1 	 1 	 0.128914 	 0.084894 	 0.002370 	 0.001038	 -1	 _mod	 677927.0	 857142	 0.001705	 0.000022
4800000 	 240000 	 1 	 1 	 0.044644 	 0.056349 	 0.000983 	 0.000680	 -1	 _mod	 677927.0	 857142	 0.001147	 0.000014
4800000 	 240000 	 1 	 1 	 -0.086987 	 0.044403 	 0.000112 	 0.000538	 -1	 _mod	 677927.0	 857142	 0.000889	 0.000011
4800000 	 240000 	 1 	 1 	 -0.020674 	 0.031051 	 0.000732 	 0.000379	 -1	 _mod	 677927.0	 857142	 0.000562	 0.000008
4800000 	 240000 	 1 	 1 	 -0.241932 	 0.151484 	 0.000614 	 0.001895	 -1	 _mod	 593184.0	 750000	 0.002586	 0.000034
4800000 	 240000 	 1 	 1 	 0.084798 	 0.089576 	 0.002388 	 0.001106	 -1	 _mod	 593184.0	 750000	 0.001898	 0.000024
4800000 	 240000 	 1 	 1 	 0.054879 	 0.059791 	 0.001116 	 0.000727	 -1	 _mod	 593184.0	 750000	 0.001268	 0.000014
4800000 	 240000 	 1 	 1 	 -0.091383 	 0.047120 	 0.000157 	 0.000575	 -1	 _mod	 593184.0	 750000	 0.000917	 0.000012
4800000 	 240000 	 1 	 1 	 -0.024574 	 0.033411 	 0.000785 	 0.000407	 -1	 _mod	 593184.0	 750000	 0.000599	 0.000008
4800000 	 240000 	 1 	 1 	 -0.203643 	 0.162866 	 0.000357 	 0.002007	 -1	 _mod	 527275.0	 666666	 0.003603	 0.000043
4800000 	 240000 	 1 	 1 	 0.114402 	 0.097911 	 0.002509 	 0.001193	 -1	 _mod	 527275.0	 666666	 0.001911	 0.000024
4800000 	 240000 	 1 	 1 	 0.044764 	 0.062884 	 0.001157 	 0.000763	 -1	 _mod	 527275.0	 666666	 0.001236	 0.000015
4800000 	 240000 	 1 	 1 	 -0.084389 	 0.049686 	 0.000060 	 0.000607	 -1	 _mod	 527275.0	 666666	 0.001052	 0.000013
4800000 	 240000 	 1 	 1 	 -0.019285 	 0.035963 	 0.000807 	 0.000437	 -1	 _mod	 527275.0	 666666	 0.000676	 0.000009
4800000 	 240000 	 1 	 1 	 -0.170867 	 0.172677 	 -0.000859 	 0.002111	 -1	 _mod	 474544.0	 600000	 0.003930	 0.000046
4800000 	 240000 	 1 	 1 	 0.096366 	 0.102109 	 0.002830 	 0.001257	 -1	 _mod	 474544.0	 600000	 0.002155	 0.000026
4800000 	 240000 	 1 	 1 	 0.022220 	 0.067584 	 0.000722 	 0.000813	 -1	 _mod	 474544.0	 600000	 0.001167	 0.000015
4800000 	 240000 	 1 	 1 	 -0.072141 	 0.053125 	 0.000393 	 0.000646	 -1	 _mod	 474544.0	 600000	 0.000977	 0.000012
4800000 	 240000 	 1 	 1 	 -0.023151 	 0.037570 	 0.000751 	 0.000455	 -1	 _mod	 474544.0	 600000	 0.000806	 0.000010
4800000 	 240000 	 1 	 2 	 0.029076 	 0.007773 	 0.000819 	 0.000093	 -1	 _mod	 9491100.0	 12000000	 0.000155	 0.000002
4800000 	 240000 	 1 	 2 	 0.040568 	 0.006509 	 0.000828 	 0.000079	 -1	 _mod	 9491100.0	 12000000	 0.000132	 0.000002
4800000 	 240000 	 1 	 2 	 0.031968 	 0.005269 	 0.000852 	 0.000064	 -1	 _mod	 9491100.0	 12000000	 0.000103	 0.000001
4800000 	 240000 	 1 	 2 	 -0.026177 	 0.005363 	 0.000584 	 0.000065	 -1	 _mod	 9491100.0	 12000000	 0.000107	 0.000001
4800000 	 240000 	 1 	 2 	 0.004165 	 0.003275 	 0.000715 	 0.000040	 -1	 _mod	 9491100.0	 12000000	 0.000067	 0.000001
4800000 	 240000 	 1 	 2 	 0.046313 	 0.010699 	 0.000793 	 0.000129	 -1	 _mod	 4745540.0	 6000000	 0.000209	 0.000002
4800000 	 240000 	 1 	 2 	 0.045759 	 0.009210 	 0.000795 	 0.000111	 -1	 _mod	 4745540.0	 6000000	 0.000208	 0.000003
4800000 	 240000 	 1 	 2 	 0.035237 	 0.007509 	 0.000817 	 0.000091	 -1	 _mod	 4745540.0	 6000000	 0.000162	 0.000002
4800000 	 240000 	 1 	 2 	 -0.030222 	 0.007588 	 0.000572 	 0.000092	 -1	 _mod	 4745540.0	 6000000	 0.000168	 0.000002
4800000 	 240000 	 1 	 2 	 0.004629 	 0.004692 	 0.000695 	 0.000057	 -1	 _mod	 4745540.0	 6000000	 0.000094	 0.000001
4800000 	 240000 	 1 	 2 	 0.035649 	 0.013413 	 0.000732 	 0.000161	 -1	 _mod	 3163684.0	 4000000	 0.000306	 0.000004
4800000 	 240000 	 1 	 2 	 0.040033 	 0.011320 	 0.000745 	 0.000137	 -1	 _mod	 3163684.0	 4000000	 0.000230	 0.000003
4800000 	 240000 	 1 	 2 	 0.042454 	 0.009363 	 0.000841 	 0.000113	 -1	 _mod	 3163684.0	 4000000	 0.000186	 0.000002
4800000 	 240000 	 1 	 2 	 -0.030318 	 0.009353 	 0.000565 	 0.000113	 -1	 _mod	 3163684.0	 4000000	 0.000203	 0.000003
4800000 	 240000 	 1 	 2 	 0.005702 	 0.005749 	 0.000693 	 0.000070	 -1	 _mod	 3163684.0	 4000000	 0.000108	 0.000001
4800000 	 240000 	 1 	 2 	 0.042836 	 0.014898 	 0.000765 	 0.000181	 -1	 _mod	 2372758.0	 3000000	 0.000267	 0.000003
4800000 	 240000 	 1 	 2 	 0.043652 	 0.012774 	 0.000640 	 0.000156	 -1	 _mod	 2372758.0	 3000000	 0.000267	 0.000003
4800000 	 240000 	 1 	 2 	 0.040919 	 0.010710 	 0.000775 	 0.000130	 -1	 _mod	 2372758.0	 3000000	 0.000222	 0.000003
4800000 	 240000 	 1 	 2 	 -0.039430 	 0.010658 	 0.000506 	 0.000130	 -1	 _mod	 2372758.0	 3000000	 0.000196	 0.000002
4800000 	 240000 	 1 	 2 	 0.002091 	 0.006662 	 0.000621 	 0.000081	 -1	 _mod	 2372758.0	 3000000	 0.000157	 0.000002
4800000 	 240000 	 1 	 2 	 0.037976 	 0.017085 	 0.000695 	 0.000205	 -1	 _mod	 1898202.0	 2400000	 0.000360	 0.000004
4800000 	 240000 	 1 	 2 	 0.035159 	 0.014635 	 0.000623 	 0.000177	 -1	 _mod	 1898202.0	 2400000	 0.000307	 0.000004
4800000 	 240000 	 1 	 2 	 0.038020 	 0.011979 	 0.000800 	 0.000145	 -1	 _mod	 1898202.0	 2400000	 0.000220	 0.000003
4800000 	 240000 	 1 	 2 	 -0.048784 	 0.012003 	 0.000452 	 0.000146	 -1	 _mod	 1898202.0	 2400000	 0.000277	 0.000003
4800000 	 240000 	 1 	 2 	 -0.005439 	 0.007461 	 0.000596 	 0.000091	 -1	 _mod	 1898202.0	 2400000	 0.000137	 0.000002
4800000 	 240000 	 1 	 2 	 0.049297 	 0.018849 	 0.000786 	 0.000225	 -1	 _mod	 1581832.0	 2000000	 0.000383	 0.000004
4800000 	 240000 	 1 	 2 	 0.037153 	 0.015690 	 0.000533 	 0.000193	 -1	 _mod	 1581832.0	 2000000	 0.000335	 0.000004
4800000 	 240000 	 1 	 2 	 0.033927 	 0.013197 	 0.000758 	 0.000160	 -1	 _mod	 1581832.0	 2000000	 0.000285	 0.000004
4800000 	 240000 	 1 	 2 	 -0.057076 	 0.013193 	 0.000410 	 0.000161	 -1	 _mod	 1581832.0	 2000000	 0.000276	 0.000003
4800000 	 240000 	 1 	 2 	 -0.009513 	 0.008095 	 0.000564 	 0.000098	 -1	 _mod	 1581832.0	 2000000	 0.000179	 0.000002
4800000 	 240000 	 1 	 2 	 0.043935 	 0.020452 	 0.000861 	 0.000240	 -1	 _mod	 1355854.0	 1714285	 0.000402	 0.000005
4800000 	 240000 	 1 	 2 	 0.033094 	 0.017018 	 0.000399 	 0.000208	 -1	 _mod	 1355854.0	 1714285	 0.000328	 0.000004
4800000 	 240000 	 1 	 2 	 0.031627 	 0.014325 	 0.000629 	 0.000173	 -1	 _mod	 1355854.0	 1714285	 0.000274	 0.000003
4800000 	 240000 	 1 	 2 	 -0.067642 	 0.014284 	 0.000441 	 0.000173	 -1	 _mod	 1355854.0	 1714285	 0.000319	 0.000004
4800000 	 240000 	 1 	 2 	 -0.017453 	 0.008816 	 0.000516 	 0.000107	 -1	 _mod	 1355854.0	 1714285	 0.000187	 0.000002
4800000 	 240000 	 1 	 2 	 0.039528 	 0.021459 	 0.000852 	 0.000254	 -1	 _mod	 1186368.0	 1500000	 0.000507	 0.000006
4800000 	 240000 	 1 	 2 	 0.035539 	 0.018145 	 0.000384 	 0.000223	 -1	 _mod	 1186368.0	 1500000	 0.000384	 0.000004
4800000 	 240000 	 1 	 2 	 0.029723 	 0.015069 	 0.000597 	 0.000184	 -1	 _mod	 1186368.0	 1500000	 0.000304	 0.000004
4800000 	 240000 	 1 	 2 	 -0.069680 	 0.015204 	 0.000376 	 0.000185	 -1	 _mod	 1186368.0	 1500000	 0.000325	 0.000004
4800000 	 240000 	 1 	 2 	 -0.018118 	 0.009371 	 0.000462 	 0.000114	 -1	 _mod	 1186368.0	 1500000	 0.000179	 0.000002
4800000 	 240000 	 1 	 2 	 0.041102 	 0.022883 	 0.000763 	 0.000270	 -1	 _mod	 1054550.0	 1333333	 0.000492	 0.000006
4800000 	 240000 	 1 	 2 	 0.032270 	 0.019083 	 0.000434 	 0.000236	 -1	 _mod	 1054550.0	 1333333	 0.000385	 0.000005
4800000 	 240000 	 1 	 2 	 0.038103 	 0.016076 	 0.000648 	 0.000196	 -1	 _mod	 1054550.0	 1333333	 0.000332	 0.000004
4800000 	 240000 	 1 	 2 	 -0.067341 	 0.016247 	 0.000317 	 0.000198	 -1	 _mod	 1054550.0	 1333333	 0.000299	 0.000004
4800000 	 240000 	 1 	 2 	 -0.016144 	 0.009977 	 0.000468 	 0.000122	 -1	 _mod	 1054550.0	 1333333	 0.000183	 0.000002
4800000 	 240000 	 1 	 2 	 0.056387 	 0.023608 	 0.000868 	 0.000280	 -1	 _mod	 949088.0	 1200000	 0.000529	 0.000006
4800000 	 240000 	 1 	 2 	 0.035576 	 0.020364 	 0.000559 	 0.000251	 -1	 _mod	 949088.0	 1200000	 0.000438	 0.000005
4800000 	 240000 	 1 	 2 	 0.037902 	 0.017065 	 0.000670 	 0.000208	 -1	 _mod	 949088.0	 1200000	 0.000369	 0.000004
4800000 	 240000 	 1 	 2 	 -0.065039 	 0.017156 	 0.000363 	 0.000208	 -1	 _mod	 949088.0	 1200000	 0.000391	 0.000005
4800000 	 240000 	 1 	 2 	 -0.013479 	 0.010629 	 0.000532 	 0.000128	 -1	 _mod	 949088.0	 1200000	 0.000199	 0.000002
4800000 	 240000 	 2 	 2 	 0.037519 	 0.004591 	 0.000788 	 0.000055	 -1	 _mod	 18982200.0	 14400000	 0.000110	 0.000001
4800000 	 240000 	 2 	 2 	 0.040591 	 0.003897 	 0.000848 	 0.000047	 -1	 _mod	 18982200.0	 14400000	 0.000086	 0.000001
4800000 	 240000 	 2 	 2 	 0.033739 	 0.003138 	 0.000799 	 0.000038	 -1	 _mod	 18982200.0	 14400000	 0.000069	 0.000001
4800000 	 240000 	 2 	 2 	 -0.020067 	 0.003250 	 0.000554 	 0.000039	 -1	 _mod	 18982200.0	 14400000	 0.000063	 0.000001
4800000 	 240000 	 2 	 2 	 0.008252 	 0.001978 	 0.000685 	 0.000024	 -1	 _mod	 18982200.0	 14400000	 0.000038	 0.000000
4800000 	 240000 	 2 	 2 	 0.044199 	 0.006590 	 0.000765 	 0.000077	 -1	 _mod	 9491080.0	 7200000	 0.000128	 0.000002
4800000 	 240000 	 2 	 2 	 0.043718 	 0.005517 	 0.000842 	 0.000066	 -1	 _mod	 9491080.0	 7200000	 0.000113	 0.000001
4800000 	 240000 	 2 	 2 	 0.030227 	 0.004433 	 0.000801 	 0.000054	 -1	 _mod	 9491080.0	 7200000	 0.000087	 0.000001
4800000 	 240000 	 2 	 2 	 -0.018191 	 0.004511 	 0.000593 	 0.000055	 -1	 _mod	 9491080.0	 7200000	 0.000086	 0.000001
4800000 	 240000 	 2 	 2 	 0.008681 	 0.002780 	 0.000702 	 0.000034	 -1	 _mod	 9491080.0	 7200000	 0.000058	 0.000001
4800000 	 240000 	 2 	 2 	 0.029208 	 0.008215 	 0.000765 	 0.000095	 -1	 _mod	 6327368.0	 4800000	 0.000180	 0.000002
4800000 	 240000 	 2 	 2 	 0.042767 	 0.006626 	 0.000887 	 0.000081	 -1	 _mod	 6327368.0	 4800000	 0.000148	 0.000002
4800000 	 240000 	 2 	 2 	 0.035950 	 0.005383 	 0.000833 	 0.000065	 -1	 _mod	 6327368.0	 4800000	 0.000114	 0.000001
4800000 	 240000 	 2 	 2 	 -0.017382 	 0.005544 	 0.000556 	 0.000067	 -1	 _mod	 6327368.0	 4800000	 0.000103	 0.000001
4800000 	 240000 	 2 	 2 	 0.009915 	 0.003433 	 0.000701 	 0.000042	 -1	 _mod	 6327368.0	 4800000	 0.000076	 0.000001
4800000 	 240000 	 2 	 2 	 0.027099 	 0.009479 	 0.000773 	 0.000109	 -1	 _mod	 4745516.0	 3600000	 0.000170	 0.000002
4800000 	 240000 	 2 	 2 	 0.041919 	 0.007674 	 0.000897 	 0.000094	 -1	 _mod	 4745516.0	 3600000	 0.000161	 0.000002
4800000 	 240000 	 2 	 2 	 0.034440 	 0.006318 	 0.000844 	 0.000077	 -1	 _mod	 4745516.0	 3600000	 0.000120	 0.000002
4800000 	 240000 	 2 	 2 	 -0.020468 	 0.006464 	 0.000539 	 0.000078	 -1	 _mod	 4745516.0	 3600000	 0.000144	 0.000002
4800000 	 240000 	 2 	 2 	 0.007931 	 0.003963 	 0.000699 	 0.000048	 -1	 _mod	 4745516.0	 3600000	 0.000096	 0.000001
4800000 	 240000 	 2 	 2 	 0.025958 	 0.010773 	 0.000733 	 0.000123	 -1	 _mod	 3796404.0	 2880000	 0.000244	 0.000003
4800000 	 240000 	 2 	 2 	 0.042147 	 0.008729 	 0.000866 	 0.000106	 -1	 _mod	 3796404.0	 2880000	 0.000167	 0.000002
4800000 	 240000 	 2 	 2 	 0.031187 	 0.007195 	 0.000839 	 0.000086	 -1	 _mod	 3796404.0	 2880000	 0.000151	 0.000002
4800000 	 240000 	 2 	 2 	 -0.026056 	 0.007141 	 0.000508 	 0.000087	 -1	 _mod	 3796404.0	 2880000	 0.000156	 0.000002
4800000 	 240000 	 2 	 2 	 0.003778 	 0.004401 	 0.000677 	 0.000054	 -1	 _mod	 3796404.0	 2880000	 0.000102	 0.000001
4800000 	 240000 	 2 	 2 	 0.031698 	 0.011738 	 0.000805 	 0.000133	 -1	 _mod	 3163664.0	 2400000	 0.000262	 0.000003
4800000 	 240000 	 2 	 2 	 0.039550 	 0.009673 	 0.000835 	 0.000117	 -1	 _mod	 3163664.0	 2400000	 0.000183	 0.000002
4800000 	 240000 	 2 	 2 	 0.028428 	 0.007635 	 0.000801 	 0.000094	 -1	 _mod	 3163664.0	 2400000	 0.000130	 0.000002
4800000 	 240000 	 2 	 2 	 -0.031651 	 0.007817 	 0.000544 	 0.000094	 -1	 _mod	 3163664.0	 2400000	 0.000150	 0.000002
4800000 	 240000 	 2 	 2 	 -0.000111 	 0.004825 	 0.000678 	 0.000059	 -1	 _mod	 3163664.0	 2400000	 0.000104	 0.000001
4800000 	 240000 	 2 	 2 	 0.031042 	 0.012655 	 0.000855 	 0.000141	 -1	 _mod	 2711708.0	 2057142	 0.000258	 0.000003
4800000 	 240000 	 2 	 2 	 0.045048 	 0.010498 	 0.000797 	 0.000126	 -1	 _mod	 2711708.0	 2057142	 0.000221	 0.000003
4800000 	 240000 	 2 	 2 	 0.027496 	 0.008453 	 0.000737 	 0.000103	 -1	 _mod	 2711708.0	 2057142	 0.000169	 0.000002
4800000 	 240000 	 2 	 2 	 -0.033646 	 0.008389 	 0.000581 	 0.000102	 -1	 _mod	 2711708.0	 2057142	 0.000153	 0.000002
4800000 	 240000 	 2 	 2 	 -0.000306 	 0.005319 	 0.000674 	 0.000064	 -1	 _mod	 2711708.0	 2057142	 0.000115	 0.000001
4800000 	 240000 	 2 	 2 	 0.028990 	 0.013822 	 0.000866 	 0.000152	 -1	 _mod	 2372736.0	 1800000	 0.000290	 0.000003
4800000 	 240000 	 2 	 2 	 0.044772 	 0.011137 	 0.000780 	 0.000135	 -1	 _mod	 2372736.0	 1800000	 0.000243	 0.000003
4800000 	 240000 	 2 	 2 	 0.025386 	 0.008927 	 0.000721 	 0.000109	 -1	 _mod	 2372736.0	 1800000	 0.000197	 0.000002
4800000 	 240000 	 2 	 2 	 -0.035612 	 0.009064 	 0.000549 	 0.000110	 -1	 _mod	 2372736.0	 1800000	 0.000197	 0.000002
4800000 	 240000 	 2 	 2 	 -0.002962 	 0.005564 	 0.000645 	 0.000068	 -1	 _mod	 2372736.0	 1800000	 0.000112	 0.000001
4800000 	 240000 	 2 	 2 	 0.027505 	 0.014649 	 0.000797 	 0.000160	 -1	 _mod	 2109100.0	 1600000	 0.000313	 0.000003
4800000 	 240000 	 2 	 2 	 0.048031 	 0.011905 	 0.000795 	 0.000143	 -1	 _mod	 2109100.0	 1600000	 0.000237	 0.000003
4800000 	 240000 	 2 	 2 	 0.027326 	 0.009572 	 0.000761 	 0.000117	 -1	 _mod	 2109100.0	 1600000	 0.000216	 0.000003
4800000 	 240000 	 2 	 2 	 -0.033849 	 0.009545 	 0.000592 	 0.000115	 -1	 _mod	 2109100.0	 1600000	 0.000177	 0.000002
4800000 	 240000 	 2 	 2 	 -0.000553 	 0.006032 	 0.000690 	 0.000072	 -1	 _mod	 2109100.0	 1600000	 0.000124	 0.000001
4800000 	 240000 	 2 	 2 	 0.028157 	 0.015399 	 0.000764 	 0.000169	 -1	 _mod	 1898176.0	 1440000	 0.000337	 0.000004
4800000 	 240000 	 2 	 2 	 0.051064 	 0.012449 	 0.000829 	 0.000150	 -1	 _mod	 1898176.0	 1440000	 0.000264	 0.000003
4800000 	 240000 	 2 	 2 	 0.030338 	 0.010069 	 0.000756 	 0.000123	 -1	 _mod	 1898176.0	 1440000	 0.000205	 0.000002
4800000 	 240000 	 2 	 2 	 -0.036695 	 0.010212 	 0.000611 	 0.000122	 -1	 _mod	 1898176.0	 1440000	 0.000231	 0.000003
4800000 	 240000 	 2 	 2 	 -0.000300 	 0.006211 	 0.000701 	 0.000075	 -1	 _mod	 1898176.0	 1440000	 0.000127	 0.000002
3200000	 1	 0.119672	 0.000641	 0.000703	 0.000552	 20	 0.039303	 0.003389	 2	 -1.000000	 -1.000000	 8000000	 0.000688	 0.000144	 20.5	 0.039396	 0.003365	 0.000073	 0.000003	 0.039303	 0.003183	 0.000685	 0.000138
3200000	 1	 0.134215	 0.000428	 0.001070	 0.000332	 47	 0.035368	 0.002197	 2	 -1.000000	 -1.000000	 8000000	 0.001017	 0.000135	 21.5	 0.035466	 0.002178	 0.000074	 0.000003	 0.035368	 0.002127	 0.001012	 0.000130
3200000	 1	 0.140049	 0.000385	 0.000726	 0.000212	 128	 0.030784	 0.001595	 2	 -1.000000	 -1.000000	 8000000	 0.000876	 0.000108	 22.5	 0.030724	 0.001576	 0.000040	 0.000002	 0.030784	 0.001568	 0.000872	 0.000111
3200000	 1	 0.153280	 0.074279	 0.000618	 0.001105	 849	 -0.019437	 0.001235	 2	 -1.000000	 -1.000000	 8000000	 0.000581	 0.000110	 23.5	 -0.019441	 0.001227	 0.000029	 0.000003	 -0.019437	 0.001224	 0.000582	 0.000108
3200000	 1	 0.146861	 0.045651	 0.000692	 0.000679	 1654	 0.006844	 0.000865	 2	 -1.000000	 -1.000000	 8000000	 0.000738	 0.000067	 24.5	 0.006896	 0.000858	 0.000014	 0.000001	 0.006844	 0.000848	 0.000737	 0.000067
3200000	 1	 0.118848	 0.000901	 0.001279	 0.000782	 1667	 0.036014	 0.004624	 2	 -1.000000	 -1.000000	 4000000	 0.000631	 0.000203	 20.5	 0.036055	 0.004589	 0.000079	 0.000004	 0.036014	 0.004624	 0.000626	 0.000202
3200000	 1	 0.134477	 0.000606	 0.000723	 0.000470	 1694	 0.033165	 0.003135	 2	 -1.000000	 -1.000000	 4000000	 0.000953	 0.000193	 21.5	 0.033179	 0.003103	 0.000083	 0.000004	 0.033165	 0.003192	 0.000948	 0.000188
3200000	 1	 0.139940	 0.000591	 0.000913	 0.000300	 1745	 0.032393	 0.002050	 2	 -1.000000	 -1.000000	 4000000	 0.000996	 0.000152	 22.5	 0.032290	 0.002030	 0.000047	 0.000003	 0.032393	 0.002082	 0.000993	 0.000150
3200000	 1	 0.077734	 0.138308	 0.002088	 0.002044	 1872	 -0.018426	 0.001735	 2	 -1.000000	 -1.000000	 4000000	 0.000471	 0.000149	 23.5	 -0.018390	 0.001723	 0.000038	 0.000002	 -0.018426	 0.001749	 0.000473	 0.000153
3200000	 1	 0.100593	 0.085013	 0.001636	 0.001254	 2122	 0.007399	 0.001174	 2	 -1.000000	 -1.000000	 4000000	 0.000716	 0.000099	 24.5	 0.007501	 0.001168	 0.000030	 0.000002	 0.007399	 0.001195	 0.000716	 0.000094
3200000	 1	 0.117941	 0.001092	 0.001727	 0.000958	 2129	 0.033209	 0.005527	 2	 -1.000000	 -1.000000	 2666666	 0.000558	 0.000250	 20.5	 0.033412	 0.005496	 0.000122	 0.000008	 0.033209	 0.005396	 0.000556	 0.000249
3200000	 1	 0.133483	 0.000740	 0.000175	 0.000576	 2139	 0.028838	 0.003996	 2	 -1.000000	 -1.000000	 2666666	 0.000870	 0.000234	 21.5	 0.028732	 0.003984	 0.000069	 0.000007	 0.028838	 0.003797	 0.000864	 0.000236
3200000	 1	 0.139020	 0.000676	 0.001216	 0.000367	 2158	 0.031919	 0.002602	 2	 -1.000000	 -1.000000	 2666666	 0.001178	 0.000187	 22.5	 0.031986	 0.002578	 0.000060	 0.000004	 0.031919	 0.002500	 0.001178	 0.000180
3200000	 1	 0.035583	 0.202217	 0.003672	 0.002992	 2219	 -0.018163	 0.002143	 2	 -1.000000	 -1.000000	 2666666	 0.000552	 0.000189	 23.5	 -0.018045	 0.002129	 0.000035	 0.000004	 -0.018163	 0.002127	 0.000554	 0.000183
3200000	 1	 0.074434	 0.124307	 0.002629	 0.001835	 2318	 0.006825	 0.001486	 2	 -1.000000	 -1.000000	 2666666	 0.000792	 0.000119	 24.5	 0.006708	 0.001478	 0.000022	 0.000003	 0.006825	 0.001501	 0.000792	 0.000113
3200000	 1	 0.117436	 0.001262	 0.001312	 0.001100	 2324	 0.026499	 0.006478	 2	 -1.000000	 -1.000000	 2000000	 0.000393	 0.000286	 20.5	 0.026563	 0.006445	 0.000091	 0.000006	 0.026499	 0.006579	 0.000388	 0.000283
3200000	 1	 0.133748	 0.000856	 -0.000371	 0.000665	 2333	 0.028957	 0.004621	 2	 -1.000000	 -1.000000	 2000000	 0.000777	 0.000279	 21.5	 0.028782	 0.004595	 0.000077	 0.000006	 0.028957	 0.004500	 0.000769	 0.000274
3200000	 1	 0.138876	 0.000809	 0.001449	 0.000423	 2347	 0.032482	 0.002906	 2	 -1.000000	 -1.000000	 2000000	 0.001022	 0.000215	 22.5	 0.032545	 0.002885	 0.000050	 0.000003	 0.032482	 0.002927	 0.001024	 0.000207
3200000	 1	 0.024486	 0.268209	 0.005125	 0.003970	 2391	 -0.018358	 0.002445	 2	 -1.000000	 -1.000000	 2000000	 0.000608	 0.000223	 23.5	 -0.018405	 0.002430	 0.000068	 0.000004	 -0.018358	 0.002487	 0.000608	 0.000220
3200000	 1	 0.067463	 0.164878	 0.003493	 0.002434	 2479	 0.006626	 0.001699	 2	 -1.000000	 -1.000000	 2000000	 0.000755	 0.000134	 24.5	 0.006550	 0.001683	 0.000042	 0.000002	 0.006626	 0.001698	 0.000755	 0.000132
3200000	 1	 0.117344	 0.001418	 0.000743	 0.001230	 2485	 0.027181	 0.007492	 2	 -1.000000	 -1.000000	 1600000	 0.000373	 0.000322	 20.5	 0.026839	 0.007425	 0.000153	 0.000009	 0.027181	 0.007713	 0.000369	 0.000312
3200000	 1	 0.132983	 0.000953	 -0.000706	 0.000740	 2492	 0.028165	 0.004941	 2	 -1.000000	 -1.000000	 1600000	 0.000713	 0.000299	 21.5	 0.028086	 0.004909	 0.000100	 0.000006	 0.028165	 0.005069	 0.000704	 0.000300
3200000	 1	 0.139496	 0.000938	 0.001096	 0.000474	 2506	 0.032691	 0.003284	 2	 -1.000000	 -1.000000	 1600000	 0.000998	 0.000245	 22.5	 0.032756	 0.003253	 0.000088	 0.000004	 0.032691	 0.003364	 0.000997	 0.000245
3200000	 1	 0.288768	 0.086922	 0.000153	 0.001406	 2550	 -0.019305	 0.002835	 2	 -1.000000	 -1.000000	 1600000	 0.000478	 0.000259	 23.5	 -0.019277	 0.002819	 0.000045	 0.000006	 -0.019305	 0.002665	 0.000478	 0.000231
3200000	 1	 0.229517	 0.053432	 0.000329	 0.000873	 2619	 0.006135	 0.001826	 2	 -1.000000	 -1.000000	 1600000	 0.000671	 0.000150	 24.5	 0.006142	 0.001814	 0.000050	 0.000003	 0.006135	 0.001962	 0.000670	 0.000150
3200000	 1	 0.117337	 0.001566	 0.001039	 0.001351	 2626	 0.022036	 0.008517	 2	 -1.000000	 -1.000000	 1333333	 0.000311	 0.000354	 20.5	 0.021777	 0.008469	 0.000191	 0.000006	 0.022036	 0.008657	 0.000306	 0.000355
3200000	 1	 0.133313	 0.001046	 -0.000825	 0.000810	 2633	 0.027291	 0.005597	 2	 -1.000000	 -1.000000	 1333333	 0.000618	 0.000325	 21.5	 0.027061	 0.005560	 0.000141	 0.000006	 0.027291	 0.005435	 0.000610	 0.000324
3200000	 1	 0.139175	 0.001062	 0.001028	 0.000518	 2646	 0.033668	 0.003643	 2	 -1.000000	 -1.000000	 1333333	 0.001127	 0.000265	 22.5	 0.033627	 0.003610	 0.000076	 0.000005	 0.033668	 0.003558	 0.001127	 0.000252
3200000	 1	 0.318335	 0.103623	 0.000065	 0.001668	 2683	 -0.018186	 0.003081	 2	 -1.000000	 -1.000000	 1333333	 0.000439	 0.000272	 23.5	 -0.018280	 0.003071	 0.000039	 0.000007	 -0.018186	 0.003053	 0.000439	 0.000263
3200000	 1	 0.247539	 0.063700	 0.000221	 0.001034	 2740	 0.006810	 0.002024	 2	 -1.000000	 -1.000000	 1333333	 0.000669	 0.000165	 24.5	 0.006786	 0.002011	 0.000057	 0.000002	 0.006810	 0.002099	 0.000668	 0.000163
3200000	 1	 0.117097	 0.001700	 0.000506	 0.001469	 2746	 0.018729	 0.009614	 2	 -1.000000	 -1.000000	 1142857	 0.000301	 0.000388	 20.5	 0.019244	 0.009564	 0.000209	 0.000011	 0.018729	 0.009232	 0.000297	 0.000387
3200000	 1	 0.133114	 0.001131	 -0.000959	 0.000875	 2753	 0.028320	 0.006150	 2	 -1.000000	 -1.000000	 1142857	 0.000595	 0.000356	 21.5	 0.028451	 0.006112	 0.000102	 0.000008	 0.028320	 0.006153	 0.000589	 0.000345
3200000	 1	 0.138493	 0.001176	 0.001025	 0.000559	 2765	 0.033750	 0.004007	 2	 -1.000000	 -1.000000	 1142857	 0.001169	 0.000279	 22.5	 0.033737	 0.003979	 0.000069	 0.000005	 0.033750	 0.003887	 0.001168	 0.000283
3200000	 1	 0.313245	 0.117160	 0.000170	 0.001883	 2796	 -0.018363	 0.003352	 2	 -1.000000	 -1.000000	 1142857	 0.000560	 0.000278	 23.5	 -0.018302	 0.003331	 0.000043	 0.000006	 -0.018363	 0.003266	 0.000560	 0.000282
3200000	 1	 0.243587	 0.072021	 0.000237	 0.001165	 2844	 0.006582	 0.002277	 2	 -1.000000	 -1.000000	 1142857	 0.000758	 0.000172	 24.5	 0.006556	 0.002257	 0.000052	 0.000003	 0.006582	 0.002187	 0.000756	 0.000175
3200000	 1	 0.115990	 0.001809	 0.001831	 0.001572	 2850	 0.022282	 0.009590	 2	 -1.000000	 -1.000000	 1000000	 0.000430	 0.000396	 20.5	 0.021729	 0.009515	 0.000232	 0.000013	 0.022282	 0.010081	 0.000423	 0.000404
3200000	 1	 0.132860	 0.001208	 -0.000957	 0.000935	 2857	 0.028729	 0.006499	 2	 -1.000000	 -1.000000	 1000000	 0.000659	 0.000379	 21.5	 0.028783	 0.006457	 0.000170	 0.000005	 0.028729	 0.006488	 0.000652	 0.000358
3200000	 1	 0.138216	 0.001291	 0.001117	 0.000598	 2867	 0.031764	 0.004261	 2	 -1.000000	 -1.000000	 1000000	 0.001125	 0.000309	 22.5	 0.031963	 0.004228	 0.000094	 0.000007	 0.031764	 0.004370	 0.001126	 0.000294
3200000	 1	 0.321776	 0.133751	 0.001129	 0.002076	 2894	 -0.017211	 0.003368	 2	 -1.000000	 -1.000000	 1000000	 0.000612	 0.000307	 23.5	 -0.017172	 0.003345	 0.000057	 0.000005	 -0.017211	 0.003480	 0.000613	 0.000314
3200000	 1	 0.249015	 0.082225	 0.000909	 0.001284	 2936	 0.006557	 0.002451	 2	 -1.000000	 -1.000000	 1000000	 0.000784	 0.000187	 24.5	 0.006469	 0.002436	 0.000064	 0.000006	 0.006557	 0.002494	 0.000783	 0.000190
3200000	 1	 0.115227	 0.001921	 0.002431	 0.001670	 2942	 0.018011	 0.010640	 2	 -1.000000	 -1.000000	 888888	 0.000631	 0.000427	 20.5	 0.017811	 0.010530	 0.000264	 0.000005	 0.018011	 0.010706	 0.000626	 0.000453
3200000	 1	 0.132356	 0.001277	 -0.000286	 0.000991	 2949	 0.031337	 0.006634	 2	 -1.000000	 -1.000000	 888888	 0.000698	 0.000385	 21.5	 0.031118	 0.006568	 0.000121	 0.000008	 0.031337	 0.006946	 0.000692	 0.000402
3200000	 1	 0.138586	 0.001408	 0.000914	 0.000633	 2958	 0.031293	 0.004521	 2	 -1.000000	 -1.000000	 888888	 0.000996	 0.000323	 22.5	 0.031401	 0.004482	 0.000075	 0.000008	 0.031293	 0.004724	 0.000999	 0.000323
3200000	 1	 0.348847	 0.150411	 0.001262	 0.002328	 2982	 -0.018287	 0.003909	 2	 -1.000000	 -1.000000	 888888	 0.000511	 0.000326	 23.5	 -0.018520	 0.003881	 0.000108	 0.000006	 -0.018287	 0.003857	 0.000511	 0.000327
3200000	 1	 0.265860	 0.092464	 0.001127	 0.001439	 3019	 0.006304	 0.002548	 2	 -1.000000	 -1.000000	 888888	 0.000714	 0.000212	 24.5	 0.006275	 0.002529	 0.000064	 0.000004	 0.006304	 0.002567	 0.000714	 0.000212
3200000	 1	 0.115057	 0.002036	 0.005114	 0.001765	 3025	 0.016117	 0.011180	 2	 -1.000000	 -1.000000	 800000	 0.000338	 0.000466	 20.5	 0.015873	 0.011133	 0.000216	 0.000010	 0.016117	 0.011557	 0.000334	 0.000487
3200000	 1	 0.132005	 0.001344	 -0.000431	 0.001044	 3032	 0.033851	 0.006881	 2	 -1.000000	 -1.000000	 800000	 0.000761	 0.000425	 21.5	 0.033948	 0.006851	 0.000136	 0.000012	 0.033851	 0.006551	 0.000752	 0.000412
3200000	 1	 0.138784	 0.001526	 0.000579	 0.000668	 3041	 0.033325	 0.004656	 2	 -1.000000	 -1.000000	 800000	 0.001103	 0.000343	 22.5	 0.033419	 0.004629	 0.000072	 0.000008	 0.033325	 0.004911	 0.001107	 0.000335
3200000	 1	 0.360305	 0.166255	 0.000657	 0.002536	 3063	 -0.018067	 0.004070	 2	 -1.000000	 -1.000000	 800000	 0.000404	 0.000340	 23.5	 -0.017963	 0.004045	 0.000107	 0.000008	 -0.018067	 0.004022	 0.000402	 0.000350
3200000	 1	 0.272847	 0.102201	 0.000663	 0.001566	 3096	 0.007104	 0.002726	 2	 -1.000000	 -1.000000	 800000	 0.000659	 0.000211	 24.5	 0.007180	 0.002715	 0.000060	 0.000004	 0.007104	 0.002636	 0.000658	 0.000209
