3200000 	 160000 	 1 	 1 	 0.045479 	 0.013652 	 0.000294 	 0.000822	 -1	 _mod	 3166083.0	 4000000	 0.000310	 0.000017
3200000 	 160000 	 1 	 1 	 0.034689 	 0.008197 	 -0.000043 	 0.000492	 -1	 _mod	 3166083.0	 4000000	 0.000146	 0.000009
3200000 	 160000 	 1 	 1 	 0.038713 	 0.005216 	 0.000898 	 0.000312	 -1	 _mod	 3166083.0	 4000000	 0.000106	 0.000006
3200000 	 160000 	 1 	 1 	 -0.013145 	 0.004145 	 0.000430 	 0.000250	 -1	 _mod	 3166083.0	 4000000	 0.000092	 0.000006
3200000 	 160000 	 1 	 1 	 0.012783 	 0.002928 	 0.000525 	 0.000176	 -1	 _mod	 3166083.0	 4000000	 0.000056	 0.000004
3200000 	 160000 	 1 	 1 	 0.052045 	 0.019050 	 -0.000352 	 0.001151	 -1	 _mod	 1583036.0	 2000000	 0.000429	 0.000025
3200000 	 160000 	 1 	 1 	 0.033379 	 0.011339 	 -0.000481 	 0.000691	 -1	 _mod	 1583036.0	 2000000	 0.000254	 0.000014
3200000 	 160000 	 1 	 1 	 0.033648 	 0.007409 	 0.000772 	 0.000445	 -1	 _mod	 1583036.0	 2000000	 0.000157	 0.000009
3200000 	 160000 	 1 	 1 	 -0.016508 	 0.005792 	 0.000168 	 0.000352	 -1	 _mod	 1583036.0	 2000000	 0.000122	 0.000007
3200000 	 160000 	 1 	 1 	 0.009627 	 0.004143 	 0.000281 	 0.000252	 -1	 _mod	 1583036.0	 2000000	 0.000081	 0.000005
3200000 	 160000 	 1 	 1 	 0.067396 	 0.023431 	 0.000362 	 0.001413	 -1	 _mod	 1055353.0	 1333333	 0.000474	 0.000029
3200000 	 160000 	 1 	 1 	 0.034351 	 0.014016 	 -0.000455 	 0.000848	 -1	 _mod	 1055353.0	 1333333	 0.000261	 0.000016
3200000 	 160000 	 1 	 1 	 0.035619 	 0.008991 	 0.000377 	 0.000541	 -1	 _mod	 1055353.0	 1333333	 0.000204	 0.000012
3200000 	 160000 	 1 	 1 	 -0.021561 	 0.007194 	 -0.000179 	 0.000435	 -1	 _mod	 1055353.0	 1333333	 0.000150	 0.000010
3200000 	 160000 	 1 	 1 	 0.008576 	 0.005146 	 -0.000011 	 0.000309	 -1	 _mod	 1055353.0	 1333333	 0.000097	 0.000006
3200000 	 160000 	 1 	 1 	 0.064606 	 0.026627 	 0.001322 	 0.001615	 -1	 _mod	 791513.0	 1000000	 0.000531	 0.000032
3200000 	 160000 	 1 	 1 	 0.024456 	 0.016507 	 -0.000220 	 0.000981	 -1	 _mod	 791513.0	 1000000	 0.000308	 0.000019
3200000 	 160000 	 1 	 1 	 0.042994 	 0.010541 	 -0.000043 	 0.000632	 -1	 _mod	 791513.0	 1000000	 0.000233	 0.000014
3200000 	 160000 	 1 	 1 	 -0.024526 	 0.008231 	 -0.000092 	 0.000500	 -1	 _mod	 791513.0	 1000000	 0.000173	 0.000010
3200000 	 160000 	 1 	 1 	 0.008435 	 0.005944 	 -0.000032 	 0.000356	 -1	 _mod	 791513.0	 1000000	 0.000133	 0.000007
3200000 	 160000 	 1 	 1 	 0.050505 	 0.029865 	 0.002822 	 0.001814	 -1	 _mod	 633210.0	 800000	 0.000625	 0.000036
3200000 	 160000 	 1 	 1 	 0.005993 	 0.017852 	 -0.000456 	 0.001075	 -1	 _mod	 633210.0	 800000	 0.000399	 0.000024
3200000 	 160000 	 1 	 1 	 0.040620 	 0.011628 	 0.000424 	 0.000703	 -1	 _mod	 633210.0	 800000	 0.000286	 0.000016
3200000 	 160000 	 1 	 1 	 -0.018690 	 0.009296 	 -0.000407 	 0.000560	 -1	 _mod	 633210.0	 800000	 0.000195	 0.000012
3200000 	 160000 	 1 	 1 	 0.007875 	 0.006592 	 0.000032 	 0.000397	 -1	 _mod	 633210.0	 800000	 0.000139	 0.000009
3200000 	 160000 	 1 	 1 	 0.056688 	 0.032646 	 0.002656 	 0.001985	 -1	 _mod	 527671.0	 666666	 0.000731	 0.000040
3200000 	 160000 	 1 	 1 	 0.010844 	 0.019746 	 0.000420 	 0.001189	 -1	 _mod	 527671.0	 666666	 0.000444	 0.000026
3200000 	 160000 	 1 	 1 	 0.044150 	 0.012703 	 0.000194 	 0.000761	 -1	 _mod	 527671.0	 666666	 0.000243	 0.000015
3200000 	 160000 	 1 	 1 	 -0.025796 	 0.010193 	 -0.000422 	 0.000618	 -1	 _mod	 527671.0	 666666	 0.000199	 0.000012
3200000 	 160000 	 1 	 1 	 0.005620 	 0.007192 	 0.000069 	 0.000435	 -1	 _mod	 527671.0	 666666	 0.000133	 0.000009
3200000 	 160000 	 1 	 1 	 0.044841 	 0.035034 	 0.003513 	 0.002131	 -1	 _mod	 452289.0	 571428	 0.000826	 0.000046
3200000 	 160000 	 1 	 1 	 0.009293 	 0.021256 	 -0.000043 	 0.001277	 -1	 _mod	 452289.0	 571428	 0.000472	 0.000028
3200000 	 160000 	 1 	 1 	 0.035496 	 0.014044 	 -0.000410 	 0.000844	 -1	 _mod	 452289.0	 571428	 0.000322	 0.000018
3200000 	 160000 	 1 	 1 	 -0.028354 	 0.010877 	 -0.000493 	 0.000660	 -1	 _mod	 452289.0	 571428	 0.000231	 0.000015
3200000 	 160000 	 1 	 1 	 0.001512 	 0.007873 	 -0.000192 	 0.000471	 -1	 _mod	 452289.0	 571428	 0.000156	 0.000010
3200000 	 160000 	 1 	 1 	 0.058050 	 0.037415 	 0.002624 	 0.002279	 -1	 _mod	 395753.0	 500000	 0.000799	 0.000050
3200000 	 160000 	 1 	 1 	 0.011035 	 0.022639 	 0.000927 	 0.001362	 -1	 _mod	 395753.0	 500000	 0.000526	 0.000030
3200000 	 160000 	 1 	 1 	 0.030720 	 0.014796 	 -0.000320 	 0.000889	 -1	 _mod	 395753.0	 500000	 0.000306	 0.000018
3200000 	 160000 	 1 	 1 	 -0.032723 	 0.011822 	 -0.000393 	 0.000711	 -1	 _mod	 395753.0	 500000	 0.000235	 0.000014
3200000 	 160000 	 1 	 1 	 -0.001793 	 0.008304 	 -0.000045 	 0.000504	 -1	 _mod	 395753.0	 500000	 0.000143	 0.000009
3200000 	 160000 	 1 	 1 	 0.057728 	 0.038897 	 0.002115 	 0.002379	 -1	 _mod	 351777.0	 444444	 0.000818	 0.000047
3200000 	 160000 	 1 	 1 	 0.011412 	 0.023623 	 -0.000104 	 0.001430	 -1	 _mod	 351777.0	 444444	 0.000472	 0.000028
3200000 	 160000 	 1 	 1 	 0.032905 	 0.015465 	 -0.000132 	 0.000934	 -1	 _mod	 351777.0	 444444	 0.000286	 0.000018
3200000 	 160000 	 1 	 1 	 -0.026634 	 0.012243 	 -0.000634 	 0.000745	 -1	 _mod	 351777.0	 444444	 0.000226	 0.000014
3200000 	 160000 	 1 	 1 	 0.002337 	 0.008745 	 -0.000173 	 0.000531	 -1	 _mod	 351777.0	 444444	 0.000179	 0.000011
3200000 	 160000 	 1 	 1 	 0.060983 	 0.040977 	 0.001186 	 0.002523	 -1	 _mod	 316600.0	 400000	 0.000938	 0.000058
3200000 	 160000 	 1 	 1 	 0.015236 	 0.025183 	 0.000244 	 0.001514	 -1	 _mod	 316600.0	 400000	 0.000544	 0.000033
3200000 	 160000 	 1 	 1 	 0.033678 	 0.016509 	 -0.000099 	 0.000992	 -1	 _mod	 316600.0	 400000	 0.000319	 0.000020
3200000 	 160000 	 1 	 1 	 -0.025922 	 0.012961 	 -0.000599 	 0.000788	 -1	 _mod	 316600.0	 400000	 0.000263	 0.000016
3200000 	 160000 	 1 	 1 	 0.002945 	 0.009368 	 -0.000269 	 0.000560	 -1	 _mod	 316600.0	 400000	 0.000186	 0.000011
3200000 	 160000 	 1 	 2 	 0.049283 	 0.002212 	 0.000614 	 0.000123	 -1	 _mod	 6332166.0	 8000000	 0.000045	 0.000003
3200000 	 160000 	 1 	 2 	 0.041872 	 0.001730 	 0.000950 	 0.000101	 -1	 _mod	 6332166.0	 8000000	 0.000033	 0.000002
3200000 	 160000 	 1 	 2 	 0.035488 	 0.001398 	 0.000905 	 0.000082	 -1	 _mod	 6332166.0	 8000000	 0.000030	 0.000002
3200000 	 160000 	 1 	 2 	 -0.017457 	 0.001388 	 0.000658 	 0.000082	 -1	 _mod	 6332166.0	 8000000	 0.000029	 0.000002
3200000 	 160000 	 1 	 2 	 0.010667 	 0.000863 	 0.000781 	 0.000051	 -1	 _mod	 6332166.0	 8000000	 0.000020	 0.000001
3200000 	 160000 	 1 	 2 	 0.053135 	 0.003155 	 0.000318 	 0.000177	 -1	 _mod	 3166072.0	 4000000	 0.000059	 0.000003
3200000 	 160000 	 1 	 2 	 0.039819 	 0.002482 	 0.001014 	 0.000144	 -1	 _mod	 3166072.0	 4000000	 0.000056	 0.000003
3200000 	 160000 	 1 	 2 	 0.036432 	 0.001961 	 0.000871 	 0.000116	 -1	 _mod	 3166072.0	 4000000	 0.000038	 0.000002
3200000 	 160000 	 1 	 2 	 -0.018583 	 0.001926 	 0.000675 	 0.000115	 -1	 _mod	 3166072.0	 4000000	 0.000038	 0.000002
3200000 	 160000 	 1 	 2 	 0.010041 	 0.001221 	 0.000767 	 0.000072	 -1	 _mod	 3166072.0	 4000000	 0.000023	 0.000001
3200000 	 160000 	 1 	 2 	 0.051044 	 0.003931 	 0.000323 	 0.000214	 -1	 _mod	 2110706.0	 2666666	 0.000080	 0.000004
3200000 	 160000 	 1 	 2 	 0.041222 	 0.003048 	 0.001306 	 0.000175	 -1	 _mod	 2110706.0	 2666666	 0.000061	 0.000004
3200000 	 160000 	 1 	 2 	 0.037290 	 0.002410 	 0.000780 	 0.000142	 -1	 _mod	 2110706.0	 2666666	 0.000049	 0.000003
3200000 	 160000 	 1 	 2 	 -0.017032 	 0.002393 	 0.000750 	 0.000143	 -1	 _mod	 2110706.0	 2666666	 0.000046	 0.000003
3200000 	 160000 	 1 	 2 	 0.011318 	 0.001479 	 0.000823 	 0.000088	 -1	 _mod	 2110706.0	 2666666	 0.000030	 0.000002
3200000 	 160000 	 1 	 2 	 0.051344 	 0.004491 	 0.000295 	 0.000246	 -1	 _mod	 1583026.0	 2000000	 0.000085	 0.000005
3200000 	 160000 	 1 	 2 	 0.044853 	 0.003451 	 0.001411 	 0.000200	 -1	 _mod	 1583026.0	 2000000	 0.000070	 0.000004
3200000 	 160000 	 1 	 2 	 0.038885 	 0.002744 	 0.000700 	 0.000162	 -1	 _mod	 1583026.0	 2000000	 0.000059	 0.000003
3200000 	 160000 	 1 	 2 	 -0.016026 	 0.002721 	 0.000896 	 0.000161	 -1	 _mod	 1583026.0	 2000000	 0.000059	 0.000003
3200000 	 160000 	 1 	 2 	 0.012751 	 0.001726 	 0.000870 	 0.000102	 -1	 _mod	 1583026.0	 2000000	 0.000038	 0.000002
3200000 	 160000 	 1 	 2 	 0.054251 	 0.005050 	 0.000199 	 0.000274	 -1	 _mod	 1266420.0	 1600000	 0.000109	 0.000005
3200000 	 160000 	 1 	 2 	 0.045374 	 0.003898 	 0.001411 	 0.000223	 -1	 _mod	 1266420.0	 1600000	 0.000077	 0.000004
3200000 	 160000 	 1 	 2 	 0.037939 	 0.003096 	 0.000853 	 0.000183	 -1	 _mod	 1266420.0	 1600000	 0.000072	 0.000004
3200000 	 160000 	 1 	 2 	 -0.015089 	 0.003087 	 0.000857 	 0.000183	 -1	 _mod	 1266420.0	 1600000	 0.000060	 0.000004
3200000 	 160000 	 1 	 2 	 0.013188 	 0.001889 	 0.000903 	 0.000112	 -1	 _mod	 1266420.0	 1600000	 0.000037	 0.000002
3200000 	 160000 	 1 	 2 	 0.054896 	 0.005458 	 0.000053 	 0.000299	 -1	 _mod	 1055342.0	 1333333	 0.000114	 0.000006
3200000 	 160000 	 1 	 2 	 0.043485 	 0.004241 	 0.001475 	 0.000245	 -1	 _mod	 1055342.0	 1333333	 0.000082	 0.000005
3200000 	 160000 	 1 	 2 	 0.036832 	 0.003350 	 0.000785 	 0.000197	 -1	 _mod	 1055342.0	 1333333	 0.000072	 0.000004
3200000 	 160000 	 1 	 2 	 -0.017130 	 0.003348 	 0.000850 	 0.000199	 -1	 _mod	 1055342.0	 1333333	 0.000062	 0.000004
3200000 	 160000 	 1 	 2 	 0.011779 	 0.002085 	 0.000873 	 0.000124	 -1	 _mod	 1055342.0	 1333333	 0.000046	 0.000003
3200000 	 160000 	 1 	 2 	 0.051247 	 0.006012 	 0.000073 	 0.000319	 -1	 _mod	 904578.0	 1142857	 0.000128	 0.000007
3200000 	 160000 	 1 	 2 	 0.038256 	 0.004603 	 0.001432 	 0.000265	 -1	 _mod	 904578.0	 1142857	 0.000089	 0.000005
3200000 	 160000 	 1 	 2 	 0.036157 	 0.003651 	 0.000853 	 0.000216	 -1	 _mod	 904578.0	 1142857	 0.000073	 0.000004
3200000 	 160000 	 1 	 2 	 -0.017424 	 0.003617 	 0.000782 	 0.000215	 -1	 _mod	 904578.0	 1142857	 0.000080	 0.000005
3200000 	 160000 	 1 	 2 	 0.010163 	 0.002239 	 0.000856 	 0.000132	 -1	 _mod	 904578.0	 1142857	 0.000048	 0.000003
3200000 	 160000 	 1 	 2 	 0.054476 	 0.006308 	 0.000018 	 0.000341	 -1	 _mod	 791506.0	 1000000	 0.000136	 0.000008
3200000 	 160000 	 1 	 2 	 0.040053 	 0.004957 	 0.001372 	 0.000287	 -1	 _mod	 791506.0	 1000000	 0.000100	 0.000006
3200000 	 160000 	 1 	 2 	 0.037046 	 0.003864 	 0.000886 	 0.000228	 -1	 _mod	 791506.0	 1000000	 0.000089	 0.000005
3200000 	 160000 	 1 	 2 	 -0.018875 	 0.003857 	 0.000834 	 0.000228	 -1	 _mod	 791506.0	 1000000	 0.000081	 0.000005
3200000 	 160000 	 1 	 2 	 0.010097 	 0.002377 	 0.000872 	 0.000141	 -1	 _mod	 791506.0	 1000000	 0.000052	 0.000003
3200000 	 160000 	 1 	 2 	 0.054603 	 0.006834 	 0.000079 	 0.000362	 -1	 _mod	 703554.0	 888888	 0.000131	 0.000007
3200000 	 160000 	 1 	 2 	 0.039260 	 0.005128 	 0.001178 	 0.000300	 -1	 _mod	 703554.0	 888888	 0.000114	 0.000006
3200000 	 160000 	 1 	 2 	 0.036924 	 0.004129 	 0.000841 	 0.000244	 -1	 _mod	 703554.0	 888888	 0.000093	 0.000005
3200000 	 160000 	 1 	 2 	 -0.015732 	 0.004056 	 0.000782 	 0.000241	 -1	 _mod	 703554.0	 888888	 0.000082	 0.000005
3200000 	 160000 	 1 	 2 	 0.011498 	 0.002550 	 0.000821 	 0.000150	 -1	 _mod	 703554.0	 888888	 0.000048	 0.000003
3200000 	 160000 	 1 	 2 	 0.056562 	 0.006948 	 0.000106 	 0.000368	 -1	 _mod	 633200.0	 800000	 0.000152	 0.000008
3200000 	 160000 	 1 	 2 	 0.039385 	 0.005437 	 0.001303 	 0.000315	 -1	 _mod	 633200.0	 800000	 0.000112	 0.000006
3200000 	 160000 	 1 	 2 	 0.039457 	 0.004416 	 0.000773 	 0.000259	 -1	 _mod	 633200.0	 800000	 0.000071	 0.000005
3200000 	 160000 	 1 	 2 	 -0.016371 	 0.004313 	 0.000753 	 0.000257	 -1	 _mod	 633200.0	 800000	 0.000089	 0.000005
3200000 	 160000 	 1 	 2 	 0.012192 	 0.002694 	 0.000808 	 0.000160	 -1	 _mod	 633200.0	 800000	 0.000067	 0.000004
3200000 	 160000 	 2 	 2 	 0.047649 	 0.001588 	 0.000760 	 0.000081	 -1	 _mod	 12664332.0	 9600000	 0.000035	 0.000002
3200000 	 160000 	 2 	 2 	 0.041245 	 0.001151 	 0.000943 	 0.000064	 -1	 _mod	 12664332.0	 9600000	 0.000021	 0.000001
3200000 	 160000 	 2 	 2 	 0.035058 	 0.000857 	 0.000879 	 0.000050	 -1	 _mod	 12664332.0	 9600000	 0.000018	 0.000001
3200000 	 160000 	 2 	 2 	 -0.015973 	 0.000868 	 0.000651 	 0.000050	 -1	 _mod	 12664332.0	 9600000	 0.000019	 0.000001
3200000 	 160000 	 2 	 2 	 0.011075 	 0.000541 	 0.000773 	 0.000031	 -1	 _mod	 12664332.0	 9600000	 0.000011	 0.000001
3200000 	 160000 	 2 	 2 	 0.048409 	 0.002249 	 0.000585 	 0.000114	 -1	 _mod	 6332144.0	 4800000	 0.000046	 0.000002
3200000 	 160000 	 2 	 2 	 0.041222 	 0.001605 	 0.000945 	 0.000089	 -1	 _mod	 6332144.0	 4800000	 0.000033	 0.000002
3200000 	 160000 	 2 	 2 	 0.036359 	 0.001233 	 0.000798 	 0.000070	 -1	 _mod	 6332144.0	 4800000	 0.000028	 0.000001
3200000 	 160000 	 2 	 2 	 -0.016138 	 0.001208 	 0.000650 	 0.000070	 -1	 _mod	 6332144.0	 4800000	 0.000026	 0.000002
3200000 	 160000 	 2 	 2 	 0.011341 	 0.000751 	 0.000749 	 0.000044	 -1	 _mod	 6332144.0	 4800000	 0.000015	 0.000001
3200000 	 160000 	 2 	 2 	 0.047489 	 0.002733 	 0.000677 	 0.000137	 -1	 _mod	 4221412.0	 3200000	 0.000055	 0.000003
3200000 	 160000 	 2 	 2 	 0.043224 	 0.002010 	 0.001047 	 0.000110	 -1	 _mod	 4221412.0	 3200000	 0.000045	 0.000002
3200000 	 160000 	 2 	 2 	 0.037505 	 0.001479 	 0.000710 	 0.000085	 -1	 _mod	 4221412.0	 3200000	 0.000033	 0.000002
3200000 	 160000 	 2 	 2 	 -0.015365 	 0.001475 	 0.000663 	 0.000086	 -1	 _mod	 4221412.0	 3200000	 0.000029	 0.000002
3200000 	 160000 	 2 	 2 	 0.012328 	 0.000920 	 0.000737 	 0.000053	 -1	 _mod	 4221412.0	 3200000	 0.000017	 0.000001
3200000 	 160000 	 2 	 2 	 0.048577 	 0.003176 	 0.000692 	 0.000161	 -1	 _mod	 3166052.0	 2400000	 0.000068	 0.000004
3200000 	 160000 	 2 	 2 	 0.044830 	 0.002287 	 0.001086 	 0.000126	 -1	 _mod	 3166052.0	 2400000	 0.000041	 0.000003
3200000 	 160000 	 2 	 2 	 0.037126 	 0.001709 	 0.000656 	 0.000097	 -1	 _mod	 3166052.0	 2400000	 0.000033	 0.000002
3200000 	 160000 	 2 	 2 	 -0.014087 	 0.001700 	 0.000677 	 0.000099	 -1	 _mod	 3166052.0	 2400000	 0.000034	 0.000002
3200000 	 160000 	 2 	 2 	 0.013047 	 0.001066 	 0.000738 	 0.000061	 -1	 _mod	 3166052.0	 2400000	 0.000023	 0.000001
3200000 	 160000 	 2 	 2 	 0.051266 	 0.003428 	 0.000652 	 0.000179	 -1	 _mod	 2532840.0	 1920000	 0.000069	 0.000004
3200000 	 160000 	 2 	 2 	 0.046288 	 0.002571 	 0.001092 	 0.000140	 -1	 _mod	 2532840.0	 1920000	 0.000060	 0.000003
3200000 	 160000 	 2 	 2 	 0.037412 	 0.001919 	 0.000749 	 0.000110	 -1	 _mod	 2532840.0	 1920000	 0.000041	 0.000002
3200000 	 160000 	 2 	 2 	 -0.015242 	 0.001911 	 0.000665 	 0.000111	 -1	 _mod	 2532840.0	 1920000	 0.000041	 0.000002
3200000 	 160000 	 2 	 2 	 0.013030 	 0.001200 	 0.000753 	 0.000069	 -1	 _mod	 2532840.0	 1920000	 0.000022	 0.000001
3200000 	 160000 	 2 	 2 	 0.050099 	 0.003849 	 0.000522 	 0.000195	 -1	 _mod	 2110684.0	 1600000	 0.000081	 0.000004
3200000 	 160000 	 2 	 2 	 0.046635 	 0.002774 	 0.001078 	 0.000152	 -1	 _mod	 2110684.0	 1600000	 0.000055	 0.000003
3200000 	 160000 	 2 	 2 	 0.037936 	 0.002105 	 0.000755 	 0.000122	 -1	 _mod	 2110684.0	 1600000	 0.000043	 0.000002
3200000 	 160000 	 2 	 2 	 -0.014959 	 0.002052 	 0.000640 	 0.000120	 -1	 _mod	 2110684.0	 1600000	 0.000038	 0.000002
3200000 	 160000 	 2 	 2 	 0.013199 	 0.001323 	 0.000742 	 0.000076	 -1	 _mod	 2110684.0	 1600000	 0.000029	 0.000002
3200000 	 160000 	 2 	 2 	 0.047901 	 0.004214 	 0.000582 	 0.000212	 -1	 _mod	 1809156.0	 1371428	 0.000091	 0.000004
3200000 	 160000 	 2 	 2 	 0.045230 	 0.003015 	 0.001088 	 0.000166	 -1	 _mod	 1809156.0	 1371428	 0.000060	 0.000003
3200000 	 160000 	 2 	 2 	 0.037036 	 0.002272 	 0.000771 	 0.000131	 -1	 _mod	 1809156.0	 1371428	 0.000047	 0.000003
3200000 	 160000 	 2 	 2 	 -0.016142 	 0.002236 	 0.000662 	 0.000131	 -1	 _mod	 1809156.0	 1371428	 0.000044	 0.000003
3200000 	 160000 	 2 	 2 	 0.012009 	 0.001411 	 0.000751 	 0.000081	 -1	 _mod	 1809156.0	 1371428	 0.000026	 0.000002
3200000 	 160000 	 2 	 2 	 0.050113 	 0.004420 	 0.000496 	 0.000220	 -1	 _mod	 1583012.0	 1200000	 0.000099	 0.000005
3200000 	 160000 	 2 	 2 	 0.046942 	 0.003197 	 0.001074 	 0.000176	 -1	 _mod	 1583012.0	 1200000	 0.000061	 0.000003
3200000 	 160000 	 2 	 2 	 0.037726 	 0.002421 	 0.000796 	 0.000140	 -1	 _mod	 1583012.0	 1200000	 0.000054	 0.000003
3200000 	 160000 	 2 	 2 	 -0.015985 	 0.002394 	 0.000663 	 0.000139	 -1	 _mod	 1583012.0	 1200000	 0.000051	 0.000003
3200000 	 160000 	 2 	 2 	 0.012345 	 0.001498 	 0.000768 	 0.000087	 -1	 _mod	 1583012.0	 1200000	 0.000031	 0.000002
3200000 	 160000 	 2 	 2 	 0.050042 	 0.004730 	 0.000552 	 0.000230	 -1	 _mod	 1407108.0	 1066666	 0.000091	 0.000005
3200000 	 160000 	 2 	 2 	 0.046470 	 0.003345 	 0.000995 	 0.000186	 -1	 _mod	 1407108.0	 1066666	 0.000076	 0.000004
3200000 	 160000 	 2 	 2 	 0.037822 	 0.002579 	 0.000804 	 0.000149	 -1	 _mod	 1407108.0	 1066666	 0.000047	 0.000003
3200000 	 160000 	 2 	 2 	 -0.015760 	 0.002506 	 0.000621 	 0.000147	 -1	 _mod	 1407108.0	 1066666	 0.000054	 0.000003
3200000 	 160000 	 2 	 2 	 0.012605 	 0.001564 	 0.000723 	 0.000092	 -1	 _mod	 1407108.0	 1066666	 0.000029	 0.000002
3200000 	 160000 	 2 	 2 	 0.051492 	 0.004870 	 0.000641 	 0.000235	 -1	 _mod	 1266400.0	 960000	 0.000100	 0.000005
3200000 	 160000 	 2 	 2 	 0.046092 	 0.003546 	 0.001079 	 0.000196	 -1	 _mod	 1266400.0	 960000	 0.000077	 0.000005
3200000 	 160000 	 2 	 2 	 0.038472 	 0.002695 	 0.000758 	 0.000156	 -1	 _mod	 1266400.0	 960000	 0.000049	 0.000003
3200000 	 160000 	 2 	 2 	 -0.015831 	 0.002599 	 0.000588 	 0.000154	 -1	 _mod	 1266400.0	 960000	 0.000053	 0.000003
3200000 	 160000 	 2 	 2 	 0.012545 	 0.001675 	 0.000724 	 0.000097	 -1	 _mod	 1266400.0	 960000	 0.000032	 0.000002
960000	 1	 0.130532	 0.000406	 -0.000531	 0.000324	 40	 0.045996	 0.003027	 11	 -1.000000	 -1.000000	 13200000	 0.000927	 0.000229	 20.5	 0.045904	 0.003009	 0.000071	 0.000004	 0.050326	 0.003067	 0.000878	 0.000224
960000	 1	 0.142787	 0.000269	 0.000407	 0.000192	 86	 0.037969	 0.001890	 11	 -1.000000	 -1.000000	 13200000	 0.000975	 0.000225	 21.5	 0.038071	 0.001875	 0.000036	 0.000006	 0.039263	 0.001952	 0.000949	 0.000219
960000	 1	 0.147884	 0.000263	 0.000805	 0.000121	 236	 0.031457	 0.001280	 11	 -1.000000	 -1.000000	 13200000	 0.001047	 0.000187	 22.5	 0.031532	 0.001275	 0.000020	 0.000003	 0.033652	 0.001361	 0.001017	 0.000186
960000	 1	 0.119231	 0.010816	 -0.005186	 0.001457	 658	 -0.017264	 0.001154	 11	 -1.000000	 -1.000000	 13200000	 0.000640	 0.000190	 23.5	 -0.017270	 0.001148	 0.000017	 0.000005	 -0.014209	 0.001124	 0.000632	 0.000194
960000	 1	 0.129224	 0.006661	 -0.002949	 0.000894	 1303	 0.008739	 0.000757	 11	 -1.000000	 -1.000000	 13200000	 0.000831	 0.000112	 24.5	 0.008726	 0.000752	 0.000015	 0.000002	 0.011341	 0.000779	 0.000812	 0.000110
960000	 1	 0.131034	 0.000569	 -0.003516	 0.000462	 1316	 0.040941	 0.004381	 11	 -1.000000	 -1.000000	 6600000	 0.000559	 0.000304	 20.5	 0.040805	 0.004302	 0.000151	 0.000006	 0.044581	 0.004500	 0.000536	 0.000286
960000	 1	 0.143562	 0.000380	 0.000284	 0.000271	 1337	 0.035700	 0.002844	 11	 -1.000000	 -1.000000	 6600000	 0.001131	 0.000331	 21.5	 0.035705	 0.002822	 0.000029	 0.000008	 0.037120	 0.002747	 0.001107	 0.000316
960000	 1	 0.147452	 0.000426	 0.000404	 0.000171	 1383	 0.029505	 0.001900	 11	 -1.000000	 -1.000000	 6600000	 0.000890	 0.000265	 22.5	 0.029473	 0.001889	 0.000024	 0.000005	 0.031350	 0.002019	 0.000842	 0.000261
960000	 1	 0.149963	 0.007090	 -0.022354	 0.002674	 1596	 -0.017254	 0.001639	 11	 -1.000000	 -1.000000	 6600000	 0.000752	 0.000281	 23.5	 -0.017385	 0.001628	 0.000045	 0.000004	 -0.014105	 0.001647	 0.000748	 0.000274
960000	 1	 0.148053	 0.004368	 -0.013690	 0.001641	 1954	 0.007672	 0.001065	 11	 -1.000000	 -1.000000	 6600000	 0.000848	 0.000163	 24.5	 0.007646	 0.001059	 0.000021	 0.000003	 0.010189	 0.001080	 0.000826	 0.000170
960000	 1	 0.129561	 0.000676	 -0.003448	 0.000563	 1966	 0.043551	 0.005387	 11	 -1.000000	 -1.000000	 4400000	 0.000672	 0.000352	 20.5	 0.043459	 0.005359	 0.000092	 0.000005	 0.046983	 0.005199	 0.000621	 0.000345
960000	 1	 0.144255	 0.000462	 0.001039	 0.000333	 1984	 0.036915	 0.003358	 11	 -1.000000	 -1.000000	 4400000	 0.001128	 0.000383	 21.5	 0.036979	 0.003333	 0.000071	 0.000007	 0.038890	 0.003494	 0.001126	 0.000381
960000	 1	 0.146787	 0.000381	 0.000479	 0.000209	 2024	 0.030278	 0.002276	 11	 -1.000000	 -1.000000	 4400000	 0.000679	 0.000320	 22.5	 0.030394	 0.002250	 0.000073	 0.000005	 0.031698	 0.002373	 0.000639	 0.000328
960000	 1	 0.150533	 0.006409	 -0.036315	 0.003980	 2161	 -0.015847	 0.001957	 11	 -1.000000	 -1.000000	 4400000	 0.000815	 0.000327	 23.5	 -0.015861	 0.001936	 0.000043	 0.000007	 -0.012552	 0.001941	 0.000789	 0.000340
960000	 1	 0.148187	 0.003950	 -0.022173	 0.002443	 2383	 0.008701	 0.001315	 11	 -1.000000	 -1.000000	 4400000	 0.000788	 0.000203	 24.5	 0.008748	 0.001309	 0.000026	 0.000003	 0.011240	 0.001324	 0.000759	 0.000202
960000	 1	 0.130032	 0.000785	 -0.005471	 0.000652	 2394	 0.045392	 0.006420	 11	 -1.000000	 -1.000000	 3300000	 0.000691	 0.000378	 20.5	 0.045480	 0.006358	 0.000162	 0.000007	 0.048087	 0.006335	 0.000645	 0.000360
960000	 1	 0.143947	 0.000528	 0.001075	 0.000384	 2409	 0.039174	 0.003801	 11	 -1.000000	 -1.000000	 3300000	 0.000989	 0.000449	 21.5	 0.039245	 0.003775	 0.000095	 0.000008	 0.040447	 0.003864	 0.000983	 0.000448
960000	 1	 0.145428	 0.000428	 -0.000150	 0.000241	 2440	 0.029210	 0.002643	 11	 -1.000000	 -1.000000	 3300000	 0.000106	 0.000364	 22.5	 0.029203	 0.002628	 0.000041	 0.000008	 0.030443	 0.002633	 0.000057	 0.000367
960000	 1	 0.136205	 0.007775	 -0.048236	 0.005300	 2539	 -0.016937	 0.002302	 11	 -1.000000	 -1.000000	 3300000	 0.000685	 0.000387	 23.5	 -0.016956	 0.002297	 0.000030	 0.000007	 -0.013627	 0.002427	 0.000666	 0.000379
960000	 1	 0.139093	 0.004791	 -0.029662	 0.003252	 2696	 0.008472	 0.001511	 11	 -1.000000	 -1.000000	 3300000	 0.000567	 0.000226	 24.5	 0.008461	 0.001498	 0.000035	 0.000003	 0.010786	 0.001564	 0.000540	 0.000235
960000	 1	 0.132621	 0.000887	 -0.006207	 0.000736	 2707	 0.046307	 0.007280	 11	 -1.000000	 -1.000000	 2640000	 0.000707	 0.000421	 20.5	 0.046377	 0.007224	 0.000157	 0.000010	 0.050226	 0.007125	 0.000683	 0.000407
960000	 1	 0.143503	 0.000586	 0.001837	 0.000429	 2721	 0.039564	 0.004173	 11	 -1.000000	 -1.000000	 2640000	 0.001215	 0.000480	 21.5	 0.039609	 0.004137	 0.000064	 0.000012	 0.041470	 0.004370	 0.001207	 0.000502
960000	 1	 0.144143	 0.000467	 -0.000148	 0.000269	 2747	 0.030780	 0.002789	 11	 -1.000000	 -1.000000	 2640000	 0.000255	 0.000415	 22.5	 0.030650	 0.002780	 0.000057	 0.000007	 0.031604	 0.002952	 0.000211	 0.000392
960000	 1	 0.136388	 0.009386	 -0.058279	 0.006593	 2823	 -0.015253	 0.002417	 11	 -1.000000	 -1.000000	 2640000	 0.000738	 0.000431	 23.5	 -0.015360	 0.002402	 0.000042	 0.000014	 -0.012118	 0.002636	 0.000716	 0.000404
960000	 1	 0.138915	 0.005785	 -0.035866	 0.004048	 2946	 0.009739	 0.001692	 11	 -1.000000	 -1.000000	 2640000	 0.000643	 0.000260	 24.5	 0.009625	 0.001682	 0.000049	 0.000007	 0.011951	 0.001740	 0.000614	 0.000251
960000	 1	 0.130610	 0.000961	 -0.007274	 0.000805	 2956	 0.045358	 0.007587	 11	 -1.000000	 -1.000000	 2200000	 0.000816	 0.000459	 20.5	 0.045323	 0.007542	 0.000174	 0.000012	 0.047993	 0.007843	 0.000799	 0.000442
960000	 1	 0.143839	 0.000645	 0.000951	 0.000472	 2969	 0.037933	 0.004529	 11	 -1.000000	 -1.000000	 2200000	 0.001027	 0.000571	 21.5	 0.038152	 0.004504	 0.000118	 0.000010	 0.039255	 0.004880	 0.001001	 0.000556
960000	 1	 0.144708	 0.000514	 -0.000839	 0.000295	 2991	 0.031255	 0.003034	 11	 -1.000000	 -1.000000	 2200000	 0.000239	 0.000461	 22.5	 0.031263	 0.003004	 0.000091	 0.000011	 0.031690	 0.003237	 0.000198	 0.000456
960000	 1	 0.137365	 0.009794	 -0.069517	 0.007902	 3054	 -0.014158	 0.002763	 11	 -1.000000	 -1.000000	 2200000	 0.000806	 0.000435	 23.5	 -0.014144	 0.002745	 0.000083	 0.000010	 -0.010772	 0.002800	 0.000774	 0.000477
960000	 1	 0.139749	 0.006037	 -0.042962	 0.004851	 3154	 0.010078	 0.001847	 11	 -1.000000	 -1.000000	 2200000	 0.000609	 0.000287	 24.5	 0.010144	 0.001833	 0.000044	 0.000008	 0.012246	 0.001932	 0.000577	 0.000290
960000	 1	 0.131310	 0.001033	 -0.006378	 0.000873	 3164	 0.045452	 0.008587	 11	 -1.000000	 -1.000000	 1885714	 0.001038	 0.000487	 20.5	 0.045747	 0.008533	 0.000142	 0.000011	 0.047293	 0.008447	 0.001027	 0.000495
960000	 1	 0.141669	 0.000686	 0.000655	 0.000506	 3177	 0.035779	 0.005102	 11	 -1.000000	 -1.000000	 1885714	 0.000497	 0.000589	 21.5	 0.035659	 0.005077	 0.000083	 0.000009	 0.038015	 0.005160	 0.000450	 0.000573
960000	 1	 0.143201	 0.000547	 -0.000402	 0.000319	 3198	 0.029796	 0.003406	 11	 -1.000000	 -1.000000	 1885714	 0.000317	 0.000512	 22.5	 0.029791	 0.003389	 0.000058	 0.000005	 0.030679	 0.003528	 0.000286	 0.000490
960000	 1	 0.134062	 0.010914	 -0.078521	 0.009209	 3251	 -0.011002	 0.003007	 11	 -1.000000	 -1.000000	 1885714	 0.000521	 0.000503	 23.5	 -0.011099	 0.002978	 0.000062	 0.000008	 -0.008060	 0.002891	 0.000488	 0.000503
960000	 1	 0.137101	 0.006726	 -0.048497	 0.005652	 3335	 0.010938	 0.001939	 11	 -1.000000	 -1.000000	 1885714	 0.000469	 0.000313	 24.5	 0.010867	 0.001922	 0.000032	 0.000009	 0.013033	 0.002101	 0.000436	 0.000313
960000	 1	 0.131625	 0.001098	 -0.007377	 0.000932	 3345	 0.047312	 0.008929	 11	 -1.000000	 -1.000000	 1650000	 0.001392	 0.000479	 20.5	 0.047174	 0.008888	 0.000158	 0.000005	 0.047584	 0.009063	 0.001392	 0.000505
960000	 1	 0.140379	 0.000732	 0.001264	 0.000537	 3357	 0.033794	 0.005152	 11	 -1.000000	 -1.000000	 1650000	 0.000519	 0.000599	 21.5	 0.034086	 0.005083	 0.000106	 0.000016	 0.036476	 0.005358	 0.000467	 0.000619
960000	 1	 0.144487	 0.000589	 -0.000422	 0.000342	 3376	 0.029270	 0.003599	 11	 -1.000000	 -1.000000	 1650000	 0.000176	 0.000535	 22.5	 0.029211	 0.003579	 0.000074	 0.000013	 0.029686	 0.003662	 0.000146	 0.000507
960000	 1	 0.129572	 0.012077	 -0.066248	 0.009285	 3422	 -0.011230	 0.003175	 11	 -1.000000	 -1.000000	 1650000	 0.000409	 0.000551	 23.5	 -0.011254	 0.003150	 0.000078	 0.000009	 -0.008009	 0.003342	 0.000381	 0.000552
960000	 1	 0.135379	 0.007449	 -0.040793	 0.005700	 3495	 0.010584	 0.002142	 11	 -1.000000	 -1.000000	 1650000	 0.000439	 0.000349	 24.5	 0.010544	 0.002128	 0.000059	 0.000007	 0.012753	 0.002084	 0.000406	 0.000316
960000	 1	 0.129751	 0.001159	 -0.007131	 0.000994	 3505	 0.045294	 0.009726	 11	 -1.000000	 -1.000000	 1466666	 0.001813	 0.000538	 20.5	 0.045071	 0.009684	 0.000208	 0.000010	 0.045691	 0.010039	 0.001802	 0.000524
960000	 1	 0.140148	 0.000777	 0.000927	 0.000568	 3517	 0.033788	 0.005624	 11	 -1.000000	 -1.000000	 1466666	 0.000409	 0.000666	 21.5	 0.033814	 0.005578	 0.000068	 0.000014	 0.035551	 0.005522	 0.000366	 0.000641
960000	 1	 0.143654	 0.000625	 -0.000076	 0.000361	 3535	 0.027988	 0.003973	 11	 -1.000000	 -1.000000	 1466666	 0.000516	 0.000590	 22.5	 0.027980	 0.003934	 0.000104	 0.000013	 0.028560	 0.003893	 0.000467	 0.000544
960000	 1	 0.140837	 0.006760	 -0.073694	 0.010401	 3576	 -0.012010	 0.003408	 11	 -1.000000	 -1.000000	 1466666	 0.000437	 0.000580	 23.5	 -0.012082	 0.003401	 0.000052	 0.000008	 -0.008611	 0.003517	 0.000413	 0.000564
960000	 1	 0.140969	 0.004169	 -0.045341	 0.006384	 3640	 0.009449	 0.002247	 11	 -1.000000	 -1.000000	 1466666	 0.000524	 0.000354	 24.5	 0.009429	 0.002234	 0.000059	 0.000009	 0.011539	 0.002343	 0.000492	 0.000350
960000	 1	 0.127116	 0.001191	 -0.006662	 0.001043	 3653	 0.041917	 0.009970	 11	 -1.000000	 -1.000000	 1320000	 0.001934	 0.000549	 20.5	 0.041692	 0.009884	 0.000280	 0.000007	 0.040661	 0.010801	 0.001918	 0.000548
960000	 1	 0.140031	 0.000820	 0.000875	 0.000602	 3664	 0.034587	 0.005734	 11	 -1.000000	 -1.000000	 1320000	 0.000211	 0.000702	 21.5	 0.034553	 0.005696	 0.000083	 0.000016	 0.036907	 0.006128	 0.000135	 0.000710
960000	 1	 0.144245	 0.000655	 0.000265	 0.000380	 3679	 0.028379	 0.003808	 11	 -1.000000	 -1.000000	 1320000	 0.000661	 0.000563	 22.5	 0.028430	 0.003781	 0.000070	 0.000008	 0.028682	 0.004197	 0.000607	 0.000584
960000	 1	 0.139493	 0.007491	 -0.081486	 0.011549	 3713	 -0.010134	 0.003498	 11	 -1.000000	 -1.000000	 1320000	 0.000445	 0.000592	 23.5	 -0.010086	 0.003483	 0.000072	 0.000015	 -0.006233	 0.003554	 0.000409	 0.000617
960000	 1	 0.140288	 0.004619	 -0.050036	 0.007089	 3768	 0.010729	 0.002427	 11	 -1.000000	 -1.000000	 1320000	 0.000563	 0.000363	 24.5	 0.010778	 0.002412	 0.000042	 0.000005	 0.012952	 0.002428	 0.000517	 0.000368
