no cancel	 0.0369679	 0.0000859	 0.000000	 0.000000	 0.000000	 0.000000
shape (global)	 0.0118078	 0.0000271	 3.130794	 0.010234	 9.801869	 0.064080
both (global)	 0.0095909	 0.0000225	 3.854478	 0.012729	 14.856998	 0.098130
RM	 0.0036054	 0.0000174	 10.253466	 0.054989	 105.133562	 1.127660
no cancel	 0.0236620	 0.0000545	 0.000000	 0.000000	 0.000000	 0.000000
shape (global)	 0.0101541	 0.0000236	 2.330293	 0.007627	 5.430265	 0.035548
both (global)	 0.0079608	 0.0000182	 2.972292	 0.009643	 8.834517	 0.057323
RM	 0.0027308	 0.0000128	 8.664879	 0.045235	 75.080129	 0.783903
no cancel	 0.0154456	 0.0000357	 0.000000	 0.000000	 0.000000	 0.000000
shape (global)	 0.0082060	 0.0000191	 1.882217	 0.006181	 3.542740	 0.023269
both (global)	 0.0061836	 0.0000143	 2.497824	 0.008182	 6.239123	 0.040875
RM	 0.0021831	 0.0000094	 7.075062	 0.034470	 50.056495	 0.487755
no cancel	 0.0109641	 0.0000251	 0.000000	 0.000000	 0.000000	 0.000000
shape (global)	 0.0073347	 0.0000168	 1.494813	 0.004848	 2.234466	 0.014495
both (global)	 0.0052394	 0.0000120	 2.092607	 0.006787	 4.379002	 0.028407
RM	 0.0017171	 0.0000082	 6.385127	 0.033889	 40.769850	 0.432777
no cancel	 0.0118514	 0.0000273	 0.000000	 0.000000	 0.000000	 0.000000
shape (global)	 0.0104518	 0.0000240	 1.133904	 0.003690	 1.285738	 0.008368
both (global)	 0.0073786	 0.0000168	 1.606181	 0.005207	 2.579816	 0.016726
RM	 0.0028444	 0.0000143	 4.166595	 0.023018	 17.360517	 0.191814
no cancel	 0.0221356	 0.0000512	 0.000000	 0.000000	 0.000000	 0.000000
shape (global)	 0.0213710	 0.0000491	 1.035778	 0.003377	 1.072836	 0.006996
both (global)	 0.0160055	 0.0000367	 1.382994	 0.004506	 1.912672	 0.012465
RM	 0.0066223	 0.0000346	 3.342589	 0.019093	 11.172903	 0.127639
no cancel	 0.0072282	 0.0000165	 0.000000	 0.000000	 0.000000	 0.000000
shape (global)	 0.0064939	 0.0000147	 1.113067	 0.003576	 1.238919	 0.007961
both (global)	 0.0047287	 0.0000107	 1.528584	 0.004907	 2.336570	 0.015002
RM	 0.0018673	 0.0000089	 3.870989	 0.020369	 14.984554	 0.157697
no cancel	 0.0403866	 0.0000920	 0.000000	 0.000000	 0.000000	 0.000000
shape (global)	 0.0096086	 0.0000220	 4.203157	 0.013579	 17.666528	 0.114148
both (global)	 0.0077307	 0.0000177	 5.224201	 0.016856	 27.292280	 0.176122
RM	 0.0029559	 0.0000137	 13.663269	 0.070763	 186.684909	 1.933700
no cancel	 0.0246445	 0.0000559	 0.000000	 0.000000	 0.000000	 0.000000
shape (global)	 0.0085386	 0.0000196	 2.886256	 0.009311	 8.330474	 0.053748
both (global)	 0.0069609	 0.0000158	 3.540428	 0.011368	 12.534630	 0.080498
RM	 0.0023013	 0.0000116	 10.708719	 0.059098	 114.676655	 1.265731
no cancel	 0.0159289	 0.0000372	 0.000000	 0.000000	 0.000000	 0.000000
shape (global)	 0.0068901	 0.0000157	 2.311849	 0.007546	 5.344645	 0.034890
both (global)	 0.0055657	 0.0000128	 2.862006	 0.009385	 8.191076	 0.053720
RM	 0.0018973	 0.0000089	 8.395410	 0.043923	 70.482915	 0.737498
no cancel	 0.0109660	 0.0000251	 0.000000	 0.000000	 0.000000	 0.000000
shape (global)	 0.0066076	 0.0000152	 1.659599	 0.005394	 2.754267	 0.017905
both (global)	 0.0046454	 0.0000106	 2.360615	 0.007623	 5.572505	 0.035990
RM	 0.0015871	 0.0000076	 6.909525	 0.036554	 47.741539	 0.505148
no cancel	 0.0120768	 0.0000275	 0.000000	 0.000000	 0.000000	 0.000000
shape (global)	 0.0102208	 0.0000235	 1.181586	 0.003829	 1.396146	 0.009049
both (global)	 0.0071758	 0.0000165	 1.682987	 0.005448	 2.832444	 0.018339
RM	 0.0027352	 0.0000142	 4.415399	 0.025045	 19.495745	 0.221169
no cancel	 0.0225416	 0.0000516	 0.000000	 0.000000	 0.000000	 0.000000
shape (global)	 0.0217997	 0.0000501	 1.034031	 0.003356	 1.069219	 0.006941
both (global)	 0.0161208	 0.0000374	 1.398290	 0.004562	 1.955215	 0.012757
RM	 0.0063629	 0.0000350	 3.542666	 0.021122	 12.550481	 0.149654
no cancel	 0.0072161	 0.0000164	 0.000000	 0.000000	 0.000000	 0.000000
shape (global)	 0.0065054	 0.0000149	 1.109248	 0.003573	 1.230432	 0.007926
both (global)	 0.0047492	 0.0000109	 1.519436	 0.004905	 2.308686	 0.014906
RM	 0.0018468	 0.0000084	 3.907372	 0.019817	 15.267559	 0.154862
no cancel	 0.0376286	 0.0000859	 0.000000	 0.000000	 0.000000	 0.000000
shape (global)	 0.0102645	 0.0000237	 3.665908	 0.011904	 13.438879	 0.087278
both (global)	 0.0073824	 0.0000170	 5.097090	 0.016514	 25.980326	 0.168345
RM	 0.0036054	 0.0000174	 10.436720	 0.055790	 108.925123	 1.164538
no cancel	 0.0242695	 0.0000562	 0.000000	 0.000000	 0.000000	 0.000000
shape (global)	 0.0089024	 0.0000208	 2.726172	 0.008965	 7.432016	 0.048880
both (global)	 0.0060470	 0.0000140	 4.013502	 0.013146	 16.108196	 0.105526
RM	 0.0027308	 0.0000128	 8.887345	 0.046455	 78.984904	 0.825731
no cancel	 0.0153317	 0.0000353	 0.000000	 0.000000	 0.000000	 0.000000
shape (global)	 0.0075997	 0.0000174	 2.017402	 0.006551	 4.069910	 0.026433
both (global)	 0.0051579	 0.0000118	 2.972474	 0.009640	 8.835600	 0.057310
RM	 0.0021831	 0.0000094	 7.022887	 0.034173	 49.320944	 0.479990
no cancel	 0.0107784	 0.0000245	 0.000000	 0.000000	 0.000000	 0.000000
shape (global)	 0.0067440	 0.0000152	 1.598215	 0.005121	 2.554293	 0.016369
both (global)	 0.0046159	 0.0000108	 2.335062	 0.007616	 5.452513	 0.035567
RM	 0.0017171	 0.0000082	 6.277017	 0.033270	 39.400946	 0.417667
no cancel	 0.0112742	 0.0000257	 0.000000	 0.000000	 0.000000	 0.000000
shape (global)	 0.0100165	 0.0000231	 1.125559	 0.003645	 1.266883	 0.008205
both (global)	 0.0072450	 0.0000167	 1.556137	 0.005036	 2.421563	 0.015672
RM	 0.0028444	 0.0000143	 3.963669	 0.021851	 15.710672	 0.173222
no cancel	 0.0219705	 0.0000506	 0.000000	 0.000000	 0.000000	 0.000000
shape (global)	 0.0202112	 0.0000473	 1.087050	 0.003570	 1.181677	 0.007761
both (global)	 0.0154667	 0.0000356	 1.420502	 0.004624	 2.017825	 0.013136
RM	 0.0066223	 0.0000346	 3.317669	 0.018937	 11.006928	 0.125656
no cancel	 0.0072570	 0.0000165	 0.000000	 0.000000	 0.000000	 0.000000
shape (global)	 0.0064094	 0.0000150	 1.132242	 0.003703	 1.281971	 0.008386
both (global)	 0.0046720	 0.0000107	 1.553280	 0.005011	 2.412679	 0.015567
RM	 0.0018673	 0.0000089	 3.886418	 0.020441	 15.104247	 0.158888
no cancel	 0.0392686	 0.0000898	 0.000000	 0.000000	 0.000000	 0.000000
shape (global)	 0.0083893	 0.0000194	 4.680779	 0.015239	 21.909694	 0.142662
both (global)	 0.0058223	 0.0000135	 6.744556	 0.021995	 45.489034	 0.296687
RM	 0.0029559	 0.0000137	 13.285040	 0.068854	 176.492276	 1.829465
no cancel	 0.0250359	 0.0000578	 0.000000	 0.000000	 0.000000	 0.000000
shape (global)	 0.0075456	 0.0000173	 3.317965	 0.010802	 11.008892	 0.071683
both (global)	 0.0051541	 0.0000119	 4.857429	 0.015831	 23.594616	 0.153793
RM	 0.0023013	 0.0000116	 10.878800	 0.060204	 118.348290	 1.309904
no cancel	 0.0159000	 0.0000362	 0.000000	 0.000000	 0.000000	 0.000000
shape (global)	 0.0065540	 0.0000149	 2.426003	 0.007802	 5.885490	 0.037855
both (global)	 0.0044749	 0.0000103	 3.553160	 0.011500	 12.624945	 0.081721
RM	 0.0018973	 0.0000089	 8.380168	 0.043633	 70.227224	 0.731303
no cancel	 0.0108301	 0.0000251	 0.000000	 0.000000	 0.000000	 0.000000
shape (global)	 0.0061235	 0.0000141	 1.768604	 0.005771	 3.127961	 0.020414
both (global)	 0.0041605	 0.0000095	 2.603092	 0.008478	 6.776089	 0.044138
RM	 0.0015871	 0.0000076	 6.823928	 0.036171	 46.565993	 0.493663
no cancel	 0.0118572	 0.0000273	 0.000000	 0.000000	 0.000000	 0.000000
shape (global)	 0.0103198	 0.0000235	 1.148973	 0.003722	 1.320139	 0.008553
both (global)	 0.0072100	 0.0000162	 1.644557	 0.005289	 2.704567	 0.017395
RM	 0.0027352	 0.0000142	 4.335114	 0.024634	 18.793212	 0.213583
no cancel	 0.0225292	 0.0000515	 0.000000	 0.000000	 0.000000	 0.000000
shape (global)	 0.0209551	 0.0000488	 1.075118	 0.003509	 1.155879	 0.007545
both (global)	 0.0159741	 0.0000361	 1.410355	 0.004535	 1.989101	 0.012793
RM	 0.0063629	 0.0000350	 3.540716	 0.021104	 12.536670	 0.149444
no cancel	 0.0072889	 0.0000167	 0.000000	 0.000000	 0.000000	 0.000000
shape (global)	 0.0064400	 0.0000148	 1.131831	 0.003671	 1.281041	 0.008310
both (global)	 0.0047171	 0.0000108	 1.545209	 0.005003	 2.387671	 0.015462
RM	 0.0018468	 0.0000084	 3.946836	 0.020060	 15.577513	 0.158349
