input_g1 input_g2 meas_g1_mod meas_g1_mod_err meas_g1_mod_err_err meas_g2_mod meas_g2_mod_err meas_g2_mod_err_err n_pairs mag
-0.1 -0.095 -0.10482045504087875 0.0005205213480677872 1.0675642234441982e-05 0.00047450425021925753 0.0007022683275675764 8.54630068756025e-06 634304.0 21.5
-0.1 -0.095 -0.10367346352221037 0.00033763970614061726 7.855373509561052e-06 0.00047450425021925753 0.0007073630440247667 1.6281456900957504e-05 634304.0 22.5
-0.1 -0.095 -0.10286140585169203 0.000251297042790474 5.5173465113198315e-06 0.00047450425021925753 0.0007238173506369685 1.2822022922841145e-05 634304.0 23.5
-0.1 -0.095 -0.09822304945045478 0.00024077154546109497 3.644670683367028e-06 0.00047450425021925753 0.0007318028769137321 1.3397948933386386e-05 634304.0 24.5
-0.1 -0.095 -0.10074816208229673 0.00015161674769149312 4.1902979653536605e-06 0.00047450425021925753 0.000703436562599889 1.7143193659777808e-05 634304.0 24.5
-0.08947368421052632 -0.085 -0.09215559692049907 0.0004997688376351893 1.216858225964679e-05 0.002905765033059211 0.002541623769931056 5.5939051310196395e-05 633800.0 21.5
-0.08947368421052632 -0.085 -0.0915953663886879 0.00033657063402819264 7.094376435678261e-06 0.002905765033059211 0.0025599870930351825 8.016504593270465e-05 633800.0 22.5
-0.08947368421052632 -0.085 -0.09164807546057456 0.0002469409043308851 4.777247326980852e-06 0.002905765033059211 0.0025803148702806494 3.2814243224340396e-05 633800.0 23.5
-0.08947368421052632 -0.085 -0.08733354990364343 0.00024002824711180385 5.05604845224981e-06 0.002905765033059211 0.0025226781741878143 4.3561176881151583e-05 633800.0 24.5
-0.08947368421052632 -0.085 -0.08952904339426226 0.00015245310476687092 4.100088874294714e-06 0.002905765033059211 0.002571145920536705 8.788909848080843e-05 633800.0 24.5
-0.07894736842105264 -0.075 -0.08155350133351566 0.0004701192115536491 1.3239129660098023e-05 -0.0022821231150433156 0.0014671003243079998 3.91527675595608e-05 633932.0 21.5
-0.07894736842105264 -0.075 -0.08049128124006846 0.0003178520150574553 6.221519629957409e-06 -0.0022821231150433156 0.0014116929920138007 4.4871711271132356e-05 633932.0 22.5
-0.07894736842105264 -0.075 -0.08108067561322048 0.0002339036466446898 3.5139446083224243e-06 -0.0022821231150433156 0.0014664546142221868 2.5099556402561145e-05 633932.0 23.5
-0.07894736842105264 -0.075 -0.07705557617104744 0.00023581702887945653 4.1316594178343065e-06 -0.0022821231150433156 0.0014957938990571534 2.018062836206688e-05 633932.0 24.5
-0.07894736842105264 -0.075 -0.07902746951430431 0.0001504629765556189 2.733053265854883e-06 -0.0022821231150433156 0.0015117503026395832 3.58601177934364e-05 633932.0 24.5
-0.06842105263157895 -0.065 -0.0711437770347222 0.0004299828383587965 8.66659638271832e-06 0.00045458236856730984 0.0011124318669177215 1.9508090123186678e-05 633376.0 21.5
-0.06842105263157895 -0.065 -0.06939071868920524 0.0003137857082756469 5.635276555962623e-06 0.00045458236856730984 0.0011467996279530934 2.4881481416544962e-05 633376.0 22.5
-0.06842105263157895 -0.065 -0.06949437672240917 0.0002376646390307489 3.964817345024254e-06 0.00045458236856730984 0.0010963783142006662 2.348359909124343e-05 633376.0 23.5
-0.06842105263157895 -0.065 -0.06628430588337199 0.00023010819617788882 3.15553757634496e-06 0.00045458236856730984 0.001160527160886994 3.0080957690818636e-05 633376.0 24.5
-0.06842105263157895 -0.065 -0.0679650651976912 0.0001476582666578147 3.044167245011964e-06 0.00045458236856730984 0.0011256498267874233 1.750081111621726e-05 633376.0 24.5
-0.05789473684210527 -0.05500000000000001 -0.05993929482024117 0.0003685266029302234 7.545113463617991e-06 0.0009426870144797038 0.0009912785256110728 2.3942576374874707e-05 633260.0 21.5
-0.05789473684210527 -0.05500000000000001 -0.05976000798564619 0.0002864566221028189 5.391410297023359e-06 0.0009426870144797038 0.0010243416438631817 2.4841157369404795e-05 633260.0 22.5
-0.05789473684210527 -0.05500000000000001 -0.05874374765535751 0.00022895401380591089 5.298010938564682e-06 0.0009426870144797038 0.0010387676759158195 3.249810681265808e-05 633260.0 23.5
-0.05789473684210527 -0.05500000000000001 -0.05624585435643237 0.00022569801617408473 3.4397703300993902e-06 0.0009426870144797038 0.0010354264751450727 2.8599384297379904e-05 633260.0 24.5
-0.05789473684210527 -0.05500000000000001 -0.0576868196117238 0.0001400129996474355 2.680873112081734e-06 0.0009426870144797038 0.0010280564881823518 2.685834295322495e-05 633260.0 24.5
-0.04736842105263159 -0.045000000000000005 -0.04880475362601085 0.00035343855388270004 5.420988517852852e-06 -0.003954448345397224 0.003011906970494509 0.00010336275019667662 632836.0 21.5
-0.04736842105263159 -0.045000000000000005 -0.048703194965764675 0.00027401310876472475 4.594583754123262e-06 -0.003954448345397224 0.00312884072417162 4.323600022568018e-05 632836.0 22.5
-0.04736842105263159 -0.045000000000000005 -0.047983719629091856 0.00021316618783837426 3.1175600265804442e-06 -0.003954448345397224 0.0031607025401507033 6.930323145175756e-05 632836.0 23.5
-0.04736842105263159 -0.045000000000000005 -0.04578437523870113 0.00021782699374289032 3.7299412194778924e-06 -0.003954448345397224 0.0031044433720945224 7.119104782441067e-05 632836.0 24.5
-0.04736842105263159 -0.045000000000000005 -0.04702309179015075 0.00014172833240796341 3.662655255174624e-06 -0.003954448345397224 0.0030668184244334274 6.592644406465525e-05 632836.0 24.5
-0.0368421052631579 -0.03500000000000001 -0.037389281902871524 0.0003768563084535011 9.264426157811039e-06 0.0006997445096543005 0.001346934133410309 2.631228792447227e-05 633232.0 21.5
-0.0368421052631579 -0.03500000000000001 -0.03724678275235245 0.0002775311942169955 7.476223060558275e-06 0.0006997445096543005 0.0013783020347885129 3.282385902012044e-05 633232.0 22.5
-0.0368421052631579 -0.03500000000000001 -0.037194093861992225 0.00022378865160920663 6.183567088756874e-06 0.0006997445096543005 0.0013296510560128147 1.987215130239192e-05 633232.0 23.5
-0.0368421052631579 -0.03500000000000001 -0.03551057384967051 0.00021473018400748023 4.639496200238109e-06 0.0006997445096543005 0.0013081744403077712 2.5406044037077113e-05 633232.0 24.5
-0.0368421052631579 -0.03500000000000001 -0.036375950919786834 0.00013525707140829468 2.717037058098451e-06 0.0006997445096543005 0.001336282236210934 2.6506351878837395e-05 633232.0 24.5
-0.026315789473684223 -0.024999999999999998 -0.027226565325425937 0.000314859394610348 8.594237619571666e-06 -0.007070789432602461 0.012112160526366917 0.000313199541672378 632876.0 21.5
-0.026315789473684223 -0.024999999999999998 -0.026893056071452544 0.00026286510894307704 6.231029800601312e-06 -0.007070789432602461 0.012089104532165431 0.00032831478299175896 632876.0 22.5
-0.026315789473684223 -0.024999999999999998 -0.026611220496608357 0.00021235608594368665 3.5032685960056505e-06 -0.007070789432602461 0.012578085499597276 0.000384620904076521 632876.0 23.5
-0.026315789473684223 -0.024999999999999998 -0.025109053524520225 0.0002133231043865624 4.858388903651528e-06 -0.007070789432602461 0.012314602571238998 0.00024487942718790195 632876.0 24.5
-0.026315789473684223 -0.024999999999999998 -0.02592921757531865 0.00013476982226145898 2.377551115037651e-06 -0.007070789432602461 0.012080294387937247 0.0003178287302311807 632876.0 24.5
-0.015789473684210534 -0.015000000000000003 -0.01544529501541469 0.00030877731016653687 4.376574478874392e-06 0.0017593662486473096 0.0016632700384169071 4.4528409796014916e-05 632680.0 21.5
-0.015789473684210534 -0.015000000000000003 -0.015921249520030777 0.0002686388981035985 5.178813480004034e-06 0.0017593662486473096 0.0016293155231551153 6.0599002990237e-05 632680.0 22.5
-0.015789473684210534 -0.015000000000000003 -0.015250595301710048 0.00020790589971402554 4.169967241765605e-06 0.0017593662486473096 0.0015485620453673306 2.5288147693549427e-05 632680.0 23.5
-0.015789473684210534 -0.015000000000000003 -0.014851755551970365 0.00021488140853919238 3.9450931742597585e-06 0.0017593662486473096 0.0017096857637230803 4.113665155635124e-05 632680.0 24.5
-0.015789473684210534 -0.015000000000000003 -0.015149960928785712 0.00013314251673540622 2.115485424329767e-06 0.0017593662486473096 0.001650639334814359 5.6469742548098995e-05 632680.0 24.5
-0.005263157894736845 -0.005000000000000009 -0.0048397553298805945 0.00026878897452651824 5.325020587068318e-06 0.001689277709129292 0.0014902932380493007 2.9667325708017637e-05 632500.0 21.5
-0.005263157894736845 -0.005000000000000009 -0.004573603042809682 0.00024924994784038246 6.440324297692071e-06 0.001689277709129292 0.001462724495253015 2.920736145612107e-05 632500.0 22.5
-0.005263157894736845 -0.005000000000000009 -0.004456342701729545 0.00021294253048590952 6.4353619955677185e-06 0.001689277709129292 0.0014586456795449253 2.5209989487631383e-05 632500.0 23.5
-0.005263157894736845 -0.005000000000000009 -0.004435720354742144 0.0002152007179646236 4.094051285135642e-06 0.001689277709129292 0.00151416326061021 2.4304407026935346e-05 632500.0 24.5
-0.005263157894736845 -0.005000000000000009 -0.004477929943284215 0.00012942309520973944 2.607491460518412e-06 0.001689277709129292 0.0014879188810313119 2.086176025081654e-05 632500.0 24.5
0.005263157894736831 0.005 0.006279273540566364 0.0002990235981743976 5.555081790079506e-06 0.00011134561692794232 0.000944185077330468 1.7475389456670853e-05 632688.0 21.5
0.005263157894736831 0.005 0.00644872330047927 0.0002427311056518502 4.025197017756746e-06 0.00011134561692794232 0.0009697047961922643 2.1088968543060368e-05 632688.0 22.5
0.005263157894736831 0.005 0.006313459056055272 0.00020381100275192022 4.503682759772354e-06 0.00011134561692794232 0.0009129076514590911 1.4141168317942587e-05 632688.0 23.5
0.005263157894736831 0.005 0.005539217043850527 0.00021161434729484221 3.7373944908422406e-06 0.00011134561692794232 0.0009566259272548282 2.3081767042725724e-05 632688.0 24.5
0.005263157894736831 0.005 0.00594623657520574 0.00012630812368744223 5.37053705879362e-06 0.00011134561692794232 0.0009411984960214759 1.698532664088154e-05 632688.0 24.5
0.01578947368421052 0.014999999999999996 0.017099115308042524 0.00029169439253042413 4.7384556306042325e-06 0.005379540680306865 0.004750951660889723 6.488288121542934e-05 632524.0 21.5
0.01578947368421052 0.014999999999999996 0.017063082883429583 0.0002441990331135369 4.551843817823548e-06 0.005379540680306865 0.00478321174211253 0.00013068501419565205 632524.0 22.5
0.01578947368421052 0.014999999999999996 0.016825444585595994 0.00020896031980892685 7.2503879458368786e-06 0.005379540680306865 0.004778401404195089 0.0001192580631267952 632524.0 23.5
0.01578947368421052 0.014999999999999996 0.016133864508132107 0.00022610709539429183 4.56638216298751e-06 0.005379540680306865 0.004795208429153794 9.410967829072102e-05 632524.0 24.5
0.01578947368421052 0.014999999999999996 0.016526776965279034 0.00012778288617341552 1.5179164148827184e-06 0.005379540680306865 0.00458930578000527 7.457826463461894e-05 632524.0 24.5
0.02631578947368421 0.02499999999999999 0.02855362539442089 0.0003041353205556853 5.921259285725161e-06 -0.00020407951614917342 0.0010872002695920264 2.4237494148586625e-05 632852.0 21.5
0.02631578947368421 0.02499999999999999 0.027916371878709104 0.00025868958716526415 4.76656380517584e-06 -0.00020407951614917342 0.0010734410332491574 2.4975883039911348e-05 632852.0 22.5
0.02631578947368421 0.02499999999999999 0.027837893132120293 0.00020690799868054214 4.08395924913384e-06 -0.00020407951614917342 0.0010714088988360224 3.627313256017994e-05 632852.0 23.5
0.02631578947368421 0.02499999999999999 0.026406372257052543 0.00021699363748826014 6.1838217433453215e-06 -0.00020407951614917342 0.0011085703626682862 2.966960104812215e-05 632852.0 24.5
0.02631578947368421 0.02499999999999999 0.02717596814162328 0.0001395379828054082 3.134935039340373e-06 -0.00020407951614917342 0.0011570225912603998 2.1298277249584122e-05 632852.0 24.5
0.0368421052631579 0.034999999999999996 0.039222085282622894 0.0003429883661099068 7.582597100121562e-06 -0.001569037466438616 0.0010045843034803637 1.7982959709429377e-05 632904.0 21.5
0.0368421052631579 0.034999999999999996 0.03928099271506359 0.0002744023727378351 6.1845553426690375e-06 -0.001569037466438616 0.0010058373441694266 1.6518486454790112e-05 632904.0 22.5
0.0368421052631579 0.034999999999999996 0.0383429172385479 0.000224681310724791 4.776321427258588e-06 -0.001569037466438616 0.000976729818246297 2.793241940362506e-05 632904.0 23.5
0.0368421052631579 0.034999999999999996 0.03669307564759894 0.00022111708569090902 3.351144461525666e-06 -0.001569037466438616 0.0009784711432920157 2.4534925749050693e-05 632904.0 24.5
0.0368421052631579 0.034999999999999996 0.037690501059924 0.00013698083979683977 3.138693700841074e-06 -0.001569037466438616 0.0009913662901881385 2.4391339189864588e-05 632904.0 24.5
0.04736842105263156 0.045000000000000005 0.04994839886516434 0.0003833627599931556 1.1832318289525681e-05 0.0010199171524392975 0.001285227483608849 2.6264926853513313e-05 632848.0 21.5
0.04736842105263156 0.045000000000000005 0.050470169198214204 0.0002744543949653485 7.1189546813886765e-06 0.0010199171524392975 0.0013206203371964517 3.479788184268828e-05 632848.0 22.5
0.04736842105263156 0.045000000000000005 0.05019455459806686 0.00021230652488020706 5.607620364875016e-06 0.0010199171524392975 0.001236959558263201 1.7860795672780672e-05 632848.0 23.5
0.04736842105263156 0.045000000000000005 0.04736488244972739 0.00021862346220466054 5.249524758821624e-06 0.0010199171524392975 0.0012478479693807355 2.409664323190818e-05 632848.0 24.5
0.04736842105263156 0.045000000000000005 0.048812074337324075 0.00013884294379530894 2.3091212842861974e-06 0.0010199171524392975 0.0012578425049355347 3.382181006808129e-05 632848.0 24.5
0.05789473684210525 0.054999999999999986 0.06127011026147391 0.0003669442086938352 4.937066503022146e-06 -0.0029440788587058488 0.001926482204965355 3.426134908216039e-05 632980.0 21.5
0.05789473684210525 0.054999999999999986 0.06149555414679555 0.00027987234331100123 9.035170532046332e-06 -0.0029440788587058488 0.0018691071752591564 2.8139457282444234e-05 632980.0 22.5
0.05789473684210525 0.054999999999999986 0.06099937166596486 0.0002164631951386404 4.483785044330624e-06 -0.0029440788587058488 0.001889536469228318 3.912540285769213e-05 632980.0 23.5
0.05789473684210525 0.054999999999999986 0.057220582342376584 0.00021687283874652808 4.4476310522179e-06 -0.0029440788587058488 0.0019431991226582228 3.5553099130768105e-05 632980.0 24.5
0.05789473684210525 0.054999999999999986 0.059205364770974225 0.00013918044294598223 4.435640005180009e-06 -0.0029440788587058488 0.0019165640514939662 2.3111428876061227e-05 632980.0 24.5
0.06842105263157894 0.065 0.07212119199554418 0.000397422814494507 6.535532244433442e-06 -0.00013247162175192273 0.0009031204661594516 2.5561180124692717e-05 633256.0 21.5
0.06842105263157894 0.065 0.07231328647642501 0.0003059584286460482 6.877213454679801e-06 -0.00013247162175192273 0.0009047791854984685 2.1088388948954403e-05 633256.0 22.5
0.06842105263157894 0.065 0.07168154518217869 0.0002200068691548842 4.153057486710865e-06 -0.00013247162175192273 0.0009131295248538253 2.4148153384797908e-05 633256.0 23.5
0.06842105263157894 0.065 0.06756182007713016 0.00022511249859186638 2.7795701033436456e-06 -0.00013247162175192273 0.00092079485220619 9.885269741821372e-06 633256.0 24.5
0.06842105263157894 0.065 0.06974531379884248 0.00014386216427385887 2.3849265553447726e-06 -0.00013247162175192273 0.000867782966822482 1.3945390137932344e-05 633256.0 24.5
0.07894736842105263 0.07500000000000001 0.08369691075368736 0.0004275768180117397 9.630324851637416e-06 -0.0026282263371875093 0.0028595439195769927 5.585619786903712e-05 633420.0 21.5
0.07894736842105263 0.07500000000000001 0.08321869236255384 0.00030639895700265425 4.8846678485950985e-06 -0.0026282263371875093 0.002867730099948061 5.18682902309906e-05 633420.0 22.5
0.07894736842105263 0.07500000000000001 0.08239876878451165 0.00023618133572123992 4.284142526223128e-06 -0.0026282263371875093 0.002926649584240274 6.222603838056798e-05 633420.0 23.5
0.07894736842105263 0.07500000000000001 0.07908327389786317 0.00022937439398749662 5.695861046916506e-06 -0.0026282263371875093 0.0028551117955130266 0.00010599248642424679 633420.0 24.5
0.07894736842105263 0.07500000000000001 0.08092263025195312 0.00014963758012287535 2.73606158064118e-06 -0.0026282263371875093 0.0029608333590610907 7.706658134633684e-05 633420.0 24.5
0.08947368421052632 0.08499999999999999 0.0944248189125039 0.0004445245632167834 1.1134285539315927e-05 0.0012012412458256374 0.0007705137667476713 1.8257365988970777e-05 634004.0 21.5
0.08947368421052632 0.08499999999999999 0.09423536556106125 0.00032002122518728985 5.941156526265494e-06 0.0012012412458256374 0.0007875938450646818 1.3475546637588131e-05 634004.0 22.5
0.08947368421052632 0.08499999999999999 0.09339748724049328 0.00024426312382729725 3.803247233206574e-06 0.0012012412458256374 0.0007733793732414094 1.71851584424377e-05 634004.0 23.5
0.08947368421052632 0.08499999999999999 0.08849239387485397 0.00023329712981334387 5.158756301999966e-06 0.0012012412458256374 0.0007454284583103713 1.6497549010950876e-05 634004.0 24.5
0.08947368421052632 0.08499999999999999 0.09111639171994351 0.0001502601553350881 1.6433039467124618e-06 0.0012012412458256374 0.0007750270731746253 1.6115078851927575e-05 634004.0 24.5
0.09999999999999998 0.095 0.10629960088837694 0.0004579428981867055 1.2841313864122919e-05 -0.0004958614103044827 0.0013658298186000491 3.617152277095325e-05 634060.0 21.5
0.09999999999999998 0.095 0.10543185670441213 0.0003458912816936449 6.966059455692022e-06 -0.0004958614103044827 0.0014195531713512544 2.6489011356212096e-05 634060.0 22.5
0.09999999999999998 0.095 0.1050560954183319 0.00024390611235606242 5.5538873446224194e-06 -0.0004958614103044827 0.0013246532101859072 2.7423188848020526e-05 634060.0 23.5
0.09999999999999998 0.095 0.09946442245639892 0.00024225534723612975 5.6456705983531554e-06 -0.0004958614103044827 0.001369046403690365 3.150905565174314e-05 634060.0 24.5
0.09999999999999998 0.095 0.10239253540112503 0.00015646569350195413 2.2202211625691204e-06 -0.0004958614103044827 0.0013801766998153132 3.3075512160282335e-05 634060.0 24.5
