none_stat	 4000	 5300	 139	 -0.0224096	 0.0024724	 0.0006132	 0.0001507	 18942000	 26.5	 0.0000508	 0.0000031
none_dyn	 4000	 5300	 139	 -0.0201894	 0.0024610	 0.0005359	 0.0001470	 18942000	 26.5	 0.0000486	 0.0000029
shape_dyn	 4000	 5300	 139	 -0.0238112	 0.0008764	 0.0007806	 0.0000508	 37884000	 26.5	 0.0000202	 0.0000011
both_dyn	 4000	 5300	 139	 -0.0235389	 0.0005350	 0.0007959	 0.0000305	 46088000	 26.5	 0.0000098	 0.0000006
shape_stat	 4000	 5300	 139	 -0.0218293	 0.0009289	 0.0007218	 0.0000554	 37884000	 26.5	 0.0000200	 0.0000012
both_stat	 4000	 5300	 139	 -0.0225854	 0.0006516	 0.0006986	 0.0000377	 46088000	 26.5	 0.0000133	 0.0000008
both_glob_002	 4000	 5300	 139	 -0.0278306	 0.0023570	 0.0005996	 0.0000288	 46088000	 26.5	 0.0000492	 0.0000006
pujol	 4000	 5300	 400	 -0.0249629	 0.0011010	 0.0010476	 0.0002098	 -0.0250157	 0.0011034	 2586	 29766000.0000	 -0.0033370	 0.0042905	 0.0891808	 0.0002183	 -0.0219120	 0.0010623	 0.0010131	 0.0002057	 -0.0243759	 0.0026046	 0.0009704	 0.0002174	 26.5	 3910880	 0.0000253	 0.0000056	 0.0001048	 0.0000061
pujol	 4000	 5300	 2000	 -0.0274233	 0.0011901	 0.0005484	 0.0000945	 -0.0274708	 0.0012269	 537	 27060000.0000	 -0.0274233	 0.0011901	 0.0005484	 0.0000945	 -0.0274233	 0.0012316	 0.0005462	 0.0000920	 -0.0274233	 0.0012316	 0.0005462	 0.0000920	 26.5	 1957983	 0.0000275	 0.0000030	 0.0000275	 0.0000030
4000	 5300	 400	 -0.0192673	 0.0039329	 -0.0113090	 0.0033373	 -0.0282349	 0.0038910	 -0.0256651	 0.0039253	 -0.0253241	 0.0041647	 -0.0234277	 0.0035229	 -0.0287704	 0.0038546	 -0.0179644	 0.0041083	 -0.0160355	 0.0042007	 -0.0033370	 0.0043601
