no cancel	 0.0004555	 0.0000011	 0.000000	 0.000000	 0.000000	 0.000000
shape (global)	 0.0001440	 0.0000003	 3.162386	 0.010336	 10.000683	 0.065376
both (global)	 0.0001152	 0.0000003	 3.954189	 0.013019	 15.635609	 0.102961
RM	 0.0002426	 0.0000011	 1.877458	 0.009615	 3.524848	 0.036104
no cancel	 0.0002889	 0.0000007	 0.000000	 0.000000	 0.000000	 0.000000
shape (global)	 0.0001242	 0.0000003	 2.326976	 0.007617	 5.414818	 0.035448
both (global)	 0.0000984	 0.0000002	 2.936898	 0.009551	 8.625369	 0.056102
RM	 0.0002003	 0.0000011	 1.442581	 0.008348	 2.081041	 0.024085
no cancel	 0.0001873	 0.0000004	 0.000000	 0.000000	 0.000000	 0.000000
shape (global)	 0.0000999	 0.0000002	 1.874166	 0.006178	 3.512498	 0.023157
both (global)	 0.0000764	 0.0000002	 2.453046	 0.008047	 6.017437	 0.039478
RM	 0.0001546	 0.0000007	 1.211923	 0.006439	 1.468757	 0.015608
no cancel	 0.0001309	 0.0000003	 0.000000	 0.000000	 0.000000	 0.000000
shape (global)	 0.0000870	 0.0000002	 1.503878	 0.004891	 2.261649	 0.014710
both (global)	 0.0000625	 0.0000001	 2.095612	 0.006824	 4.391589	 0.028602
RM	 0.0001280	 0.0000007	 1.022355	 0.005753	 1.045209	 0.011764
no cancel	 0.0001445	 0.0000003	 0.000000	 0.000000	 0.000000	 0.000000
shape (global)	 0.0001239	 0.0000003	 1.167046	 0.003802	 1.361996	 0.008874
both (global)	 0.0000890	 0.0000002	 1.623315	 0.005273	 2.635152	 0.017119
RM	 0.0001774	 0.0000009	 0.814774	 0.004626	 0.663856	 0.007539
no cancel	 0.0002640	 0.0000006	 0.000000	 0.000000	 0.000000	 0.000000
shape (global)	 0.0002540	 0.0000006	 1.039222	 0.003403	 1.079982	 0.007072
both (global)	 0.0001955	 0.0000004	 1.350085	 0.004398	 1.822729	 0.011877
RM	 0.0003470	 0.0000017	 0.760900	 0.004038	 0.578969	 0.006145
no cancel	 0.0000883	 0.0000002	 0.000000	 0.000000	 0.000000	 0.000000
shape (global)	 0.0000783	 0.0000002	 1.128674	 0.003653	 1.273905	 0.008246
both (global)	 0.0000588	 0.0000001	 1.501471	 0.004854	 2.254415	 0.014576
RM	 0.0001115	 0.0000006	 0.792227	 0.004766	 0.627623	 0.007552
no cancel	 0.0004885	 0.0000011	 0.000000	 0.000000	 0.000000	 0.000000
shape (global)	 0.0001166	 0.0000003	 4.190166	 0.013579	 17.557494	 0.113797
both (global)	 0.0000927	 0.0000002	 5.267363	 0.017001	 27.745117	 0.179099
RM	 0.0002122	 0.0000011	 2.301967	 0.013335	 5.299051	 0.061396
no cancel	 0.0002991	 0.0000007	 0.000000	 0.000000	 0.000000	 0.000000
shape (global)	 0.0001057	 0.0000002	 2.830425	 0.009234	 8.011307	 0.052270
both (global)	 0.0000851	 0.0000002	 3.513609	 0.011428	 12.345450	 0.080307
RM	 0.0001728	 0.0000008	 1.731270	 0.009063	 2.997297	 0.031383
no cancel	 0.0001934	 0.0000005	 0.000000	 0.000000	 0.000000	 0.000000
shape (global)	 0.0000858	 0.0000002	 2.254206	 0.007379	 5.081443	 0.033268
both (global)	 0.0000685	 0.0000002	 2.824389	 0.009259	 7.977175	 0.052302
RM	 0.0001346	 0.0000006	 1.437045	 0.007136	 2.065098	 0.020509
no cancel	 0.0001331	 0.0000003	 0.000000	 0.000000	 0.000000	 0.000000
shape (global)	 0.0000814	 0.0000002	 1.635869	 0.005338	 2.676067	 0.017464
both (global)	 0.0000578	 0.0000001	 2.301360	 0.007465	 5.296258	 0.034358
RM	 0.0001221	 0.0000005	 1.090179	 0.005412	 1.188490	 0.011799
no cancel	 0.0001488	 0.0000003	 0.000000	 0.000000	 0.000000	 0.000000
shape (global)	 0.0001231	 0.0000003	 1.209010	 0.003957	 1.461705	 0.009569
both (global)	 0.0000874	 0.0000002	 1.702555	 0.005528	 2.898694	 0.018825
RM	 0.0001681	 0.0000008	 0.885394	 0.004711	 0.783922	 0.008341
no cancel	 0.0002742	 0.0000006	 0.000000	 0.000000	 0.000000	 0.000000
shape (global)	 0.0002638	 0.0000006	 1.039509	 0.003398	 1.080578	 0.007064
both (global)	 0.0002001	 0.0000005	 1.370253	 0.004476	 1.877594	 0.012268
RM	 0.0003638	 0.0000018	 0.753748	 0.004135	 0.568137	 0.006234
no cancel	 0.0000885	 0.0000002	 0.000000	 0.000000	 0.000000	 0.000000
shape (global)	 0.0000786	 0.0000002	 1.125941	 0.003652	 1.267743	 0.008225
both (global)	 0.0000590	 0.0000001	 1.499467	 0.004881	 2.248402	 0.014638
RM	 0.0001119	 0.0000006	 0.790925	 0.004360	 0.625562	 0.006897
no cancel	 0.0004618	 0.0000011	 0.000000	 0.000000	 0.000000	 0.000000
shape (global)	 0.0001266	 0.0000003	 3.646523	 0.011937	 13.297133	 0.087055
both (global)	 0.0000896	 0.0000002	 5.155146	 0.016828	 26.575529	 0.173501
RM	 0.0002426	 0.0000011	 1.903501	 0.009720	 3.623315	 0.037005
no cancel	 0.0002873	 0.0000007	 0.000000	 0.000000	 0.000000	 0.000000
shape (global)	 0.0001084	 0.0000003	 2.649642	 0.008681	 7.020605	 0.046005
both (global)	 0.0000732	 0.0000002	 3.923258	 0.012837	 15.391955	 0.100730
RM	 0.0002003	 0.0000011	 1.434541	 0.008308	 2.057908	 0.023838
no cancel	 0.0001834	 0.0000004	 0.000000	 0.000000	 0.000000	 0.000000
shape (global)	 0.0000917	 0.0000002	 1.999962	 0.006489	 3.999847	 0.025954
both (global)	 0.0000617	 0.0000001	 2.971347	 0.009621	 8.828903	 0.057176
RM	 0.0001546	 0.0000007	 1.186932	 0.006292	 1.408807	 0.014937
no cancel	 0.0001318	 0.0000003	 0.000000	 0.000000	 0.000000	 0.000000
shape (global)	 0.0000829	 0.0000002	 1.589815	 0.005133	 2.527512	 0.016322
both (global)	 0.0000560	 0.0000001	 2.355188	 0.007667	 5.546912	 0.036115
RM	 0.0001280	 0.0000007	 1.029184	 0.005785	 1.059219	 0.011907
no cancel	 0.0001384	 0.0000003	 0.000000	 0.000000	 0.000000	 0.000000
shape (global)	 0.0001240	 0.0000003	 1.116417	 0.003612	 1.246387	 0.008066
both (global)	 0.0000879	 0.0000002	 1.574838	 0.005104	 2.480114	 0.016077
RM	 0.0001774	 0.0000009	 0.780434	 0.004426	 0.609078	 0.006909
no cancel	 0.0002655	 0.0000006	 0.000000	 0.000000	 0.000000	 0.000000
shape (global)	 0.0002503	 0.0000006	 1.060730	 0.003461	 1.125149	 0.007342
both (global)	 0.0001928	 0.0000004	 1.376960	 0.004467	 1.896018	 0.012303
RM	 0.0003470	 0.0000017	 0.765218	 0.004050	 0.585558	 0.006199
no cancel	 0.0000870	 0.0000002	 0.000000	 0.000000	 0.000000	 0.000000
shape (global)	 0.0000785	 0.0000002	 1.108680	 0.003624	 1.229171	 0.008037
both (global)	 0.0000566	 0.0000001	 1.537492	 0.004978	 2.363883	 0.015308
RM	 0.0001115	 0.0000006	 0.780086	 0.004696	 0.608535	 0.007327
no cancel	 0.0004841	 0.0000011	 0.000000	 0.000000	 0.000000	 0.000000
shape (global)	 0.0001010	 0.0000002	 4.791933	 0.015627	 22.962619	 0.149771
both (global)	 0.0000699	 0.0000002	 6.927018	 0.022568	 47.983577	 0.312662
RM	 0.0002122	 0.0000011	 2.280948	 0.013217	 5.202724	 0.060294
no cancel	 0.0003007	 0.0000007	 0.000000	 0.000000	 0.000000	 0.000000
shape (global)	 0.0000920	 0.0000002	 3.267537	 0.010661	 10.676797	 0.069667
both (global)	 0.0000631	 0.0000001	 4.764635	 0.015574	 22.701749	 0.148413
RM	 0.0001728	 0.0000008	 1.740156	 0.009112	 3.028143	 0.031714
no cancel	 0.0001923	 0.0000004	 0.000000	 0.000000	 0.000000	 0.000000
shape (global)	 0.0000798	 0.0000002	 2.410449	 0.007830	 5.810265	 0.037749
both (global)	 0.0000538	 0.0000001	 3.572489	 0.011639	 12.762680	 0.083157
RM	 0.0001346	 0.0000006	 1.428523	 0.007072	 2.040679	 0.020205
no cancel	 0.0001312	 0.0000003	 0.000000	 0.000000	 0.000000	 0.000000
shape (global)	 0.0000763	 0.0000002	 1.719661	 0.005626	 2.957234	 0.019350
both (global)	 0.0000504	 0.0000001	 2.602272	 0.008501	 6.771819	 0.044241
RM	 0.0001221	 0.0000005	 1.074645	 0.005342	 1.154862	 0.011482
no cancel	 0.0001447	 0.0000003	 0.000000	 0.000000	 0.000000	 0.000000
shape (global)	 0.0001252	 0.0000003	 1.155517	 0.003751	 1.335220	 0.008669
both (global)	 0.0000877	 0.0000002	 1.649841	 0.005333	 2.721974	 0.017597
RM	 0.0001681	 0.0000008	 0.860785	 0.004577	 0.740951	 0.007880
no cancel	 0.0002751	 0.0000006	 0.000000	 0.000000	 0.000000	 0.000000
shape (global)	 0.0002585	 0.0000006	 1.064382	 0.003473	 1.132908	 0.007393
both (global)	 0.0001931	 0.0000004	 1.424798	 0.004604	 2.030048	 0.013119
RM	 0.0003638	 0.0000018	 0.756300	 0.004149	 0.571990	 0.006276
no cancel	 0.0000878	 0.0000002	 0.000000	 0.000000	 0.000000	 0.000000
shape (global)	 0.0000792	 0.0000002	 1.107586	 0.003609	 1.226747	 0.007994
both (global)	 0.0000572	 0.0000001	 1.534778	 0.004986	 2.355543	 0.015305
RM	 0.0001119	 0.0000006	 0.783908	 0.004323	 0.614512	 0.006778
