11200000 	 560000 	 1 	 1 	 0.118746 	 0.053861 	 0.000428 	 0.000654	 -1	 _mod	 11044144.0	 14000000	 0.001079	 0.000013
11200000 	 560000 	 1 	 1 	 0.043727 	 0.031966 	 0.001149 	 0.000390	 -1	 _mod	 11044144.0	 14000000	 0.000666	 0.000008
11200000 	 560000 	 1 	 1 	 0.044953 	 0.020641 	 0.001134 	 0.000251	 -1	 _mod	 11044144.0	 14000000	 0.000450	 0.000006
11200000 	 560000 	 1 	 1 	 -0.012069 	 0.016511 	 0.000797 	 0.000201	 -1	 _mod	 11044144.0	 14000000	 0.000325	 0.000004
11200000 	 560000 	 1 	 1 	 -0.127932 	 0.028840 	 0.000403 	 0.000351	 -1	 _mod	 11044144.0	 14000000	 0.000557	 0.000007
11200000 	 560000 	 1 	 1 	 0.002137 	 0.010806 	 0.000860 	 0.000131	 -1	 _mod	 11044144.0	 14000000	 0.000242	 0.000003
11200000 	 560000 	 1 	 2 	 0.035291 	 0.007573 	 0.000862 	 0.000092	 -1	 _mod	 22088288.0	 28000000	 0.000167	 0.000002
11200000 	 560000 	 1 	 2 	 0.029476 	 0.006444 	 0.000760 	 0.000078	 -1	 _mod	 22088288.0	 28000000	 0.000130	 0.000002
11200000 	 560000 	 1 	 2 	 0.028398 	 0.005286 	 0.000812 	 0.000064	 -1	 _mod	 22088288.0	 28000000	 0.000116	 0.000001
11200000 	 560000 	 1 	 2 	 -0.023543 	 0.005307 	 0.000522 	 0.000064	 -1	 _mod	 22088288.0	 28000000	 0.000114	 0.000001
11200000 	 560000 	 1 	 2 	 -0.170948 	 0.013641 	 0.000374 	 0.000166	 -1	 _mod	 22088288.0	 28000000	 0.000287	 0.000003
11200000 	 560000 	 1 	 2 	 -0.019297 	 0.003343 	 0.000626 	 0.000041	 -1	 _mod	 22088288.0	 28000000	 0.000057	 0.000001
11200000 	 560000 	 2 	 2 	 0.036182 	 0.004610 	 0.000860 	 0.000055	 -1	 _mod	 44176576.0	 33600000	 0.000098	 0.000001
11200000 	 560000 	 2 	 2 	 0.033745 	 0.003809 	 0.000779 	 0.000046	 -1	 _mod	 44176576.0	 33600000	 0.000075	 0.000001
11200000 	 560000 	 2 	 2 	 0.028173 	 0.003152 	 0.000772 	 0.000038	 -1	 _mod	 44176576.0	 33600000	 0.000073	 0.000001
11200000 	 560000 	 2 	 2 	 -0.026091 	 0.003181 	 0.000484 	 0.000038	 -1	 _mod	 44176576.0	 33600000	 0.000058	 0.000001
11200000 	 560000 	 2 	 2 	 -0.181281 	 0.008836 	 0.000350 	 0.000107	 -1	 _mod	 44176576.0	 33600000	 0.000166	 0.000002
11200000 	 560000 	 2 	 2 	 -0.021534 	 0.002022 	 0.000598 	 0.000025	 -1	 _mod	 44176576.0	 33600000	 0.000040	 0.000001
5600000	 1	 0.121229	 0.000744	 0.000862	 0.000634	 27	 0.041669	 0.003709	 2	 -1.000000	 -1.000000	 14000000	 0.001042	 0.000167	 20.5	 0.041705	 0.003699	 0.000056	 0.000004	 0.041669	 0.003783	 0.001045	 0.000170
5600000	 1	 0.135296	 0.000495	 0.000998	 0.000380	 41	 0.035956	 0.002580	 2	 -1.000000	 -1.000000	 14000000	 0.000797	 0.000137	 21.5	 0.035874	 0.002557	 0.000059	 0.000003	 0.035956	 0.002590	 0.000791	 0.000154
5600000	 1	 0.140610	 0.001408	 0.000648	 0.000244	 81	 0.028802	 0.001784	 2	 -1.000000	 -1.000000	 14000000	 0.000651	 0.000120	 22.5	 0.028814	 0.001777	 0.000026	 0.000002	 0.028802	 0.001767	 0.000646	 0.000123
5600000	 1	 0.157294	 0.101726	 -0.000642	 0.001543	 222	 -0.017894	 0.001426	 2	 -1.000000	 -1.000000	 14000000	 0.000581	 0.000123	 23.5	 -0.017959	 0.001416	 0.000032	 0.000003	 -0.017894	 0.001428	 0.000579	 0.000132
5600000	 1	 2.505490	 1.867338	 0.039162	 0.028313	 492	 -0.178163	 0.003332	 2	 -1.000000	 -1.000000	 14000000	 0.000569	 0.000320	 24.5	 -0.178059	 0.003310	 0.000039	 0.000007	 -0.178163	 0.003399	 0.000569	 0.000318
5600000	 1	 1.438644	 1.036484	 0.021383	 0.015498	 1097	 -0.016604	 0.001002	 2	 -1.000000	 -1.000000	 14000000	 0.000643	 0.000077	 25.5	 -0.016604	 0.000993	 0.000021	 0.000002	 -0.016604	 0.000929	 0.000640	 0.000078