none	 4000	 5300	 139	 0.0314100	 0.0120127	 0.0004290	 0.0007215	 18942000	 20.5	 0.0002345	 0.0000144
shape	 4000	 5300	 139	 0.0308924	 0.0029450	 0.0009005	 0.0001711	 37884000	 20.5	 0.0000637	 0.0000034
both	 4000	 5300	 139	 0.0317271	 0.0022418	 0.0008420	 0.0001275	 46088000	 20.5	 0.0000463	 0.0000026
none	 4000	 5300	 139	 0.0331615	 0.0072413	 0.0003070	 0.0004459	 18942000	 21.5	 0.0001409	 0.0000089
shape	 4000	 5300	 139	 0.0345761	 0.0024116	 0.0007415	 0.0001433	 37884000	 21.5	 0.0000492	 0.0000028
both	 4000	 5300	 139	 0.0323916	 0.0017931	 0.0007128	 0.0001051	 46088000	 21.5	 0.0000363	 0.0000022
none	 4000	 5300	 139	 0.0182467	 0.0048683	 0.0010727	 0.0002984	 18942000	 22.5	 0.0001009	 0.0000067
shape	 4000	 5300	 139	 0.0226751	 0.0018921	 0.0008076	 0.0001139	 37884000	 22.5	 0.0000398	 0.0000024
both	 4000	 5300	 139	 0.0189429	 0.0013198	 0.0008043	 0.0000789	 46088000	 22.5	 0.0000267	 0.0000015
none	 4000	 5300	 139	 0.0177430	 0.0034379	 0.0007101	 0.0002086	 18942000	 23.5	 0.0000685	 0.0000042
shape	 4000	 5300	 139	 0.0185814	 0.0016282	 0.0009609	 0.0000973	 37884000	 23.5	 0.0000340	 0.0000020
both	 4000	 5300	 139	 0.0193634	 0.0010799	 0.0008561	 0.0000641	 46088000	 23.5	 0.0000216	 0.0000014
none	 4000	 5300	 139	 -0.0032473	 0.0037176	 0.0003419	 0.0002234	 18942000	 24.5	 0.0000736	 0.0000046
shape	 4000	 5300	 139	 -0.0032264	 0.0023149	 0.0007123	 0.0001371	 37884000	 24.5	 0.0000398	 0.0000026
both	 4000	 5300	 139	 0.0008043	 0.0015297	 0.0005381	 0.0000912	 46088000	 24.5	 0.0000363	 0.0000020
none	 4000	 5300	 139	 -0.1725051	 0.0070083	 0.0001732	 0.0004191	 18942000	 25.5	 0.0001493	 0.0000087
shape	 4000	 5300	 139	 -0.1712945	 0.0047962	 0.0004237	 0.0002859	 37884000	 25.5	 0.0001048	 0.0000060
both	 4000	 5300	 139	 -0.1750310	 0.0032787	 0.0004344	 0.0001976	 46088000	 25.5	 0.0000682	 0.0000041
none	 4000	 5300	 139	 -0.0366155	 0.0023028	 0.0004324	 0.0001359	 18942000	 26.5	 0.0000423	 0.0000026
shape	 4000	 5300	 139	 -0.0356998	 0.0014739	 0.0007172	 0.0000870	 37884000	 26.5	 0.0000308	 0.0000019
both	 4000	 5300	 139	 -0.0352302	 0.0010021	 0.0006160	 0.0000598	 46088000	 26.5	 0.0000215	 0.0000013
none	 4000	 5300	 139	 0.0481474	 0.0118506	 0.0023875	 0.0007150	 18942000	 20.5	 0.0002406	 0.0000147
shape	 4000	 5300	 139	 0.0296544	 0.0027063	 0.0009145	 0.0001566	 37884000	 20.5	 0.0000594	 0.0000032
both	 4000	 5300	 139	 0.0298211	 0.0019322	 0.0007046	 0.0001048	 46088000	 20.5	 0.0000375	 0.0000020
none	 4000	 5300	 139	 0.0324382	 0.0074336	 0.0007452	 0.0004534	 18942000	 21.5	 0.0001515	 0.0000094
shape	 4000	 5300	 139	 0.0300746	 0.0021645	 0.0010494	 0.0001275	 37884000	 21.5	 0.0000409	 0.0000025
both	 4000	 5300	 139	 0.0310866	 0.0014539	 0.0010863	 0.0000831	 46088000	 21.5	 0.0000241	 0.0000016
none	 4000	 5300	 139	 0.0238016	 0.0049855	 0.0001103	 0.0002956	 18942000	 22.5	 0.0001070	 0.0000058
shape	 4000	 5300	 139	 0.0187967	 0.0017654	 0.0009406	 0.0001047	 37884000	 22.5	 0.0000371	 0.0000021
both	 4000	 5300	 139	 0.0204069	 0.0011193	 0.0009633	 0.0000648	 46088000	 22.5	 0.0000243	 0.0000014
none	 4000	 5300	 139	 0.0199712	 0.0035303	 0.0007999	 0.0002104	 18942000	 23.5	 0.0000675	 0.0000041
shape	 4000	 5300	 139	 0.0208714	 0.0015968	 0.0007790	 0.0000957	 37884000	 23.5	 0.0000359	 0.0000019
both	 4000	 5300	 139	 0.0210120	 0.0009691	 0.0007247	 0.0000586	 46088000	 23.5	 0.0000204	 0.0000012
none	 4000	 5300	 139	 -0.0042197	 0.0035175	 0.0004840	 0.0002160	 18942000	 24.5	 0.0000736	 0.0000042
shape	 4000	 5300	 139	 0.0010391	 0.0022360	 0.0006916	 0.0001348	 37884000	 24.5	 0.0000471	 0.0000031
both	 4000	 5300	 139	 0.0016105	 0.0014693	 0.0006450	 0.0000883	 46088000	 24.5	 0.0000327	 0.0000019
none	 4000	 5300	 139	 -0.1803656	 0.0066543	 0.0002156	 0.0004057	 18942000	 25.5	 0.0001614	 0.0000097
shape	 4000	 5300	 139	 -0.1746363	 0.0047809	 0.0005772	 0.0002928	 37884000	 25.5	 0.0001034	 0.0000061
both	 4000	 5300	 139	 -0.1737601	 0.0032902	 0.0001931	 0.0002005	 46088000	 25.5	 0.0000714	 0.0000042
none	 4000	 5300	 139	 -0.0373472	 0.0022377	 0.0004784	 0.0001368	 18942000	 26.5	 0.0000462	 0.0000028
shape	 4000	 5300	 139	 -0.0350392	 0.0014441	 0.0007337	 0.0000883	 37884000	 26.5	 0.0000320	 0.0000019
both	 4000	 5300	 139	 -0.0345907	 0.0009811	 0.0006264	 0.0000591	 46088000	 26.5	 0.0000210	 0.0000012
pujol	 4000	 5300	 400	 0.0220315	 0.0050628	 0.0013602	 0.0006648	 0.0222419	 0.0052527	 8798	 29766000.0000	 0.0415923	 0.0172413	 0.0937143	 0.0007235	 0.0248065	 0.0055233	 0.0013443	 0.0006488	 0.0277194	 0.0118600	 0.0010966	 0.0007005	 20.5	 184146	 0.0001146	 0.0000119	 0.0004330	 0.0000165
pujol	 4000	 5300	 400	 0.0293352	 0.0033076	 0.0016661	 0.0005267	 0.0294217	 0.0034596	 8820	 29766000.0000	 0.0611807	 0.0128147	 0.0946948	 0.0005975	 0.0302067	 0.0035387	 0.0016377	 0.0005093	 0.0276355	 0.0087219	 0.0015012	 0.0005569	 21.5	 482029	 0.0000697	 0.0000124	 0.0003256	 0.0000125
pujol	 4000	 5300	 400	 0.0219932	 0.0024518	 0.0012282	 0.0004135	 0.0217777	 0.0025061	 8842	 29766000.0000	 0.0355093	 0.0109383	 0.0934705	 0.0004670	 0.0246564	 0.0024168	 0.0012397	 0.0004259	 0.0196326	 0.0068608	 0.0012720	 0.0004538	 22.5	 1128412	 0.0000708	 0.0000058	 0.0001922	 0.0000059
pujol	 4000	 5300	 400	 0.0200804	 0.0018662	 0.0016254	 0.0003242	 0.0199875	 0.0018450	 8864	 29766000.0000	 0.0437220	 0.0089304	 0.0936816	 0.0003608	 0.0222143	 0.0017205	 0.0015809	 0.0003333	 0.0275558	 0.0051350	 0.0014871	 0.0003512	 23.5	 2457768	 0.0000336	 0.0000062	 0.0002783	 0.0000081
pujol	 4000	 5300	 400	 0.0000097	 0.0027607	 0.0002833	 0.0004641	 -0.0001070	 0.0027508	 8886	 29766000.0000	 0.0357201	 0.0132816	 0.0905395	 0.0005304	 0.0021750	 0.0026458	 0.0002483	 0.0004452	 0.0091782	 0.0081488	 0.0003197	 0.0004871	 24.5	 4046367	 0.0000508	 0.0000079	 0.0002914	 0.0000095
pujol	 4000	 5300	 400	 -0.1709855	 0.0059340	 0.0005396	 0.0008485	 -0.1709873	 0.0057768	 8908	 29766000.0000	 -0.1250716	 0.0361401	 0.0754059	 0.0009447	 -0.1706182	 0.0055628	 0.0005231	 0.0008219	 -0.1618610	 0.0173921	 0.0003661	 0.0009332	 25.5	 2783774	 0.0001361	 0.0000133	 0.0008149	 0.0000212
pujol	 4000	 5300	 400	 -0.0346452	 0.0015634	 0.0008177	 0.0002770	 -0.0346608	 0.0016313	 8930	 29766000.0000	 -0.0020422	 0.0093433	 0.0879671	 0.0003150	 -0.0328933	 0.0016197	 0.0007911	 0.0002824	 -0.0275891	 0.0050660	 0.0007463	 0.0003128	 26.5	 11083542	 0.0000387	 0.0000069	 0.0001570	 0.0000067
