11200000 	 560000 	 1 	 1 	 0.058477 	 0.010802 	 0.000359 	 0.000656	 -1	 _mod	 11048004.0	 14000000	 0.000228	 0.000015
11200000 	 560000 	 1 	 1 	 0.035784 	 0.006550 	 0.000706 	 0.000390	 -1	 _mod	 11048004.0	 14000000	 0.000125	 0.000008
11200000 	 560000 	 1 	 1 	 0.038557 	 0.004196 	 0.000575 	 0.000252	 -1	 _mod	 11048004.0	 14000000	 0.000086	 0.000005
11200000 	 560000 	 1 	 1 	 -0.015976 	 0.003359 	 0.000657 	 0.000203	 -1	 _mod	 11048004.0	 14000000	 0.000065	 0.000004
11200000 	 560000 	 1 	 1 	 -0.173331 	 0.005879 	 -0.000120 	 0.000353	 -1	 _mod	 11048004.0	 14000000	 0.000117	 0.000007
11200000 	 560000 	 1 	 1 	 -0.011712 	 0.002198 	 0.000516 	 0.000133	 -1	 _mod	 11048004.0	 14000000	 0.000045	 0.000003
11200000 	 560000 	 1 	 2 	 0.047359 	 0.001801 	 0.000910 	 0.000099	 -1	 _mod	 22096008.0	 28000000	 0.000037	 0.000002
11200000 	 560000 	 1 	 2 	 0.042206 	 0.001416 	 0.000901 	 0.000082	 -1	 _mod	 22096008.0	 28000000	 0.000034	 0.000002
11200000 	 560000 	 1 	 2 	 0.036557 	 0.001115 	 0.000822 	 0.000065	 -1	 _mod	 22096008.0	 28000000	 0.000024	 0.000001
11200000 	 560000 	 1 	 2 	 -0.016897 	 0.001095 	 0.000646 	 0.000065	 -1	 _mod	 22096008.0	 28000000	 0.000021	 0.000001
11200000 	 560000 	 1 	 2 	 -0.177463 	 0.002847 	 0.000171 	 0.000171	 -1	 _mod	 22096008.0	 28000000	 0.000058	 0.000003
11200000 	 560000 	 1 	 2 	 -0.012952 	 0.000708 	 0.000673 	 0.000042	 -1	 _mod	 22096008.0	 28000000	 0.000014	 0.000001
11200000 	 560000 	 2 	 2 	 0.048497 	 0.001299 	 0.000831 	 0.000066	 -1	 _mod	 44192016.0	 33600000	 0.000027	 0.000001
11200000 	 560000 	 2 	 2 	 0.041523 	 0.000933 	 0.000891 	 0.000052	 -1	 _mod	 44192016.0	 33600000	 0.000019	 0.000001
11200000 	 560000 	 2 	 2 	 0.034425 	 0.000695 	 0.000813 	 0.000040	 -1	 _mod	 44192016.0	 33600000	 0.000016	 0.000001
11200000 	 560000 	 2 	 2 	 -0.016301 	 0.000699 	 0.000624 	 0.000040	 -1	 _mod	 44192016.0	 33600000	 0.000014	 0.000001
11200000 	 560000 	 2 	 2 	 -0.177896 	 0.001852 	 0.000472 	 0.000110	 -1	 _mod	 44192016.0	 33600000	 0.000034	 0.000002
11200000 	 560000 	 2 	 2 	 -0.013277 	 0.000443 	 0.000703 	 0.000026	 -1	 _mod	 44192016.0	 33600000	 0.000010	 0.000001
1680000	 1	 0.126112	 0.000445	 -0.000076	 0.000365	 55	 0.045757	 0.003311	 11	 -1.000000	 -1.000000	 23100000	 0.001003	 0.000269	 20.5	 0.045692	 0.003291	 0.000051	 0.000008	 0.045189	 0.003602	 0.001001	 0.000277
1680000	 1	 0.146527	 0.000310	 0.001113	 0.000219	 82	 0.038600	 0.002170	 11	 -1.000000	 -1.000000	 23100000	 0.001319	 0.000244	 21.5	 0.038518	 0.002157	 0.000030	 0.000007	 0.041285	 0.002341	 0.001299	 0.000243
1680000	 1	 0.150551	 0.000461	 0.000456	 0.000140	 148	 0.035773	 0.001528	 11	 -1.000000	 -1.000000	 23100000	 0.000891	 0.000220	 22.5	 0.035846	 0.001516	 0.000022	 0.000003	 0.037167	 0.001608	 0.000861	 0.000211
1680000	 1	 0.121902	 0.017553	 -0.015153	 0.002958	 409	 -0.014311	 0.001286	 11	 -1.000000	 -1.000000	 23100000	 0.001059	 0.000223	 23.5	 -0.014314	 0.001271	 0.000032	 0.000003	 -0.011497	 0.001260	 0.001034	 0.000231
1680000	 1	 0.428584	 0.095297	 -0.061323	 0.011951	 952	 -0.187665	 0.002875	 11	 -1.000000	 -1.000000	 23100000	 0.000495	 0.000563	 24.5	 -0.187528	 0.002864	 0.000062	 0.000011	 -0.179899	 0.003035	 0.000496	 0.000576
1680000	 1	 0.294449	 0.053167	 -0.037701	 0.006601	 2114	 -0.013958	 0.000846	 11	 -1.000000	 -1.000000	 23100000	 0.000965	 0.000140	 25.5	 -0.013950	 0.000840	 0.000019	 0.000003	 -0.011000	 0.000893	 0.000944	 0.000137
