none	 4000	 5300	 139	 0.1049492	 0.0572100	 0.0006155	 0.0007076	 18942000	 20.5	 0.0012660	 0.0000151
shape	 4000	 5300	 139	 0.0385847	 0.0130455	 0.0010087	 0.0001595	 37884000	 20.5	 0.0002337	 0.0000030
both	 4000	 5300	 139	 0.0360413	 0.0096186	 0.0009224	 0.0001166	 46088000	 20.5	 0.0001732	 0.0000022
none	 4000	 5300	 139	 -0.0118624	 0.0364913	 0.0001622	 0.0004485	 18942000	 21.5	 0.0007476	 0.0000086
shape	 4000	 5300	 139	 0.0148110	 0.0112863	 0.0006323	 0.0001386	 37884000	 21.5	 0.0002368	 0.0000028
both	 4000	 5300	 139	 0.0255782	 0.0078456	 0.0007479	 0.0000973	 46088000	 21.5	 0.0001583	 0.0000021
none	 4000	 5300	 139	 -0.0031381	 0.0238125	 0.0011761	 0.0002897	 18942000	 22.5	 0.0004938	 0.0000059
shape	 4000	 5300	 139	 0.0168214	 0.0090250	 0.0008446	 0.0001104	 37884000	 22.5	 0.0001829	 0.0000022
both	 4000	 5300	 139	 0.0194190	 0.0061167	 0.0008384	 0.0000755	 46088000	 22.5	 0.0001496	 0.0000017
none	 4000	 5300	 139	 0.0225670	 0.0170361	 0.0004160	 0.0002052	 18942000	 23.5	 0.0003432	 0.0000044
shape	 4000	 5300	 139	 0.0193417	 0.0079059	 0.0006857	 0.0000946	 37884000	 23.5	 0.0001593	 0.0000019
both	 4000	 5300	 139	 0.0192646	 0.0052700	 0.0007756	 0.0000630	 46088000	 23.5	 0.0001114	 0.0000013
none	 4000	 5300	 139	 -0.0007781	 0.0182795	 0.0006804	 0.0002256	 18942000	 24.5	 0.0003717	 0.0000046
shape	 4000	 5300	 139	 0.0017631	 0.0112688	 0.0008165	 0.0001357	 37884000	 24.5	 0.0002306	 0.0000029
both	 4000	 5300	 139	 -0.0008025	 0.0073578	 0.0006180	 0.0000894	 46088000	 24.5	 0.0001721	 0.0000021
none	 4000	 5300	 139	 -0.1808513	 0.0341690	 0.0003494	 0.0004130	 18942000	 25.5	 0.0006876	 0.0000082
shape	 4000	 5300	 139	 -0.1770243	 0.0234770	 0.0000108	 0.0002829	 37884000	 25.5	 0.0004715	 0.0000056
both	 4000	 5300	 139	 -0.1803733	 0.0161723	 0.0000667	 0.0001983	 46088000	 25.5	 0.0003807	 0.0000044
none	 4000	 5300	 139	 -0.0369568	 0.0110620	 0.0005327	 0.0001378	 18942000	 26.5	 0.0002765	 0.0000034
shape	 4000	 5300	 139	 -0.0350130	 0.0071325	 0.0005782	 0.0000869	 37884000	 26.5	 0.0001543	 0.0000019
both	 4000	 5300	 139	 -0.0383065	 0.0048055	 0.0005602	 0.0000595	 46088000	 26.5	 0.0000954	 0.0000012
none	 4000	 5300	 139	 -0.0566068	 0.0587379	 0.0012132	 0.0007224	 18942000	 20.5	 0.0011290	 0.0000135
shape	 4000	 5300	 139	 0.0364741	 0.0115247	 0.0009670	 0.0001413	 37884000	 20.5	 0.0002366	 0.0000029
both	 4000	 5300	 139	 0.0260540	 0.0073932	 0.0008086	 0.0000897	 46088000	 20.5	 0.0001443	 0.0000018
none	 4000	 5300	 139	 0.0436972	 0.0378234	 0.0019276	 0.0004465	 18942000	 21.5	 0.0009841	 0.0000108
shape	 4000	 5300	 139	 0.0312379	 0.0097179	 0.0009000	 0.0001188	 37884000	 21.5	 0.0002001	 0.0000025
both	 4000	 5300	 139	 0.0193508	 0.0060326	 0.0008868	 0.0000737	 46088000	 21.5	 0.0001253	 0.0000015
none	 4000	 5300	 139	 0.0744268	 0.0243030	 0.0010236	 0.0002913	 18942000	 22.5	 0.0004681	 0.0000061
shape	 4000	 5300	 139	 0.0318680	 0.0085744	 0.0007807	 0.0001025	 37884000	 22.5	 0.0001699	 0.0000021
both	 4000	 5300	 139	 0.0248805	 0.0051704	 0.0008078	 0.0000613	 46088000	 22.5	 0.0000926	 0.0000012
none	 4000	 5300	 139	 0.0329276	 0.0171059	 0.0005408	 0.0002074	 18942000	 23.5	 0.0003387	 0.0000044
shape	 4000	 5300	 139	 0.0154898	 0.0076406	 0.0007157	 0.0000929	 37884000	 23.5	 0.0001530	 0.0000019
both	 4000	 5300	 139	 0.0174607	 0.0046085	 0.0007659	 0.0000563	 46088000	 23.5	 0.0001030	 0.0000012
none	 4000	 5300	 139	 0.0123086	 0.0180207	 0.0005251	 0.0002192	 18942000	 24.5	 0.0003920	 0.0000044
shape	 4000	 5300	 139	 0.0013468	 0.0113473	 0.0006614	 0.0001386	 37884000	 24.5	 0.0002606	 0.0000030
both	 4000	 5300	 139	 -0.0045936	 0.0074252	 0.0005353	 0.0000893	 46088000	 24.5	 0.0001292	 0.0000016
none	 4000	 5300	 139	 -0.2071331	 0.0336397	 0.0000055	 0.0004084	 18942000	 25.5	 0.0007401	 0.0000085
shape	 4000	 5300	 139	 -0.2274357	 0.0225696	 0.0001592	 0.0002762	 37884000	 25.5	 0.0004891	 0.0000060
both	 4000	 5300	 139	 -0.1832197	 0.0159857	 0.0002830	 0.0001963	 46088000	 25.5	 0.0003323	 0.0000043
none	 4000	 5300	 139	 -0.0310886	 0.0111402	 0.0005708	 0.0001338	 18942000	 26.5	 0.0002178	 0.0000028
shape	 4000	 5300	 139	 -0.0477395	 0.0071211	 0.0005746	 0.0000865	 37884000	 26.5	 0.0001514	 0.0000018
both	 4000	 5300	 139	 -0.0393228	 0.0047522	 0.0005860	 0.0000571	 46088000	 26.5	 0.0001010	 0.0000013
pujol	 4000	 5300	 2000	 0.0223728	 0.0047939	 0.0008206	 0.0003424	 0.0222645	 0.0047972	 5365	 27060000.0000	 0.0223728	 0.0047939	 0.0008206	 0.0003424	 0.0223728	 0.0046692	 0.0008240	 0.0003150	 0.0223728	 0.0046692	 0.0008240	 0.0003150	 20.5	 92241	 0.0000842	 0.0000044	 0.0000842	 0.0000044
pujol	 4000	 5300	 2000	 0.0265097	 0.0038346	 0.0008526	 0.0002625	 0.0254688	 0.0037276	 5382	 27060000.0000	 0.0265097	 0.0038346	 0.0008526	 0.0002625	 0.0265097	 0.0035966	 0.0008441	 0.0002616	 0.0265097	 0.0035966	 0.0008441	 0.0002616	 21.5	 243443	 0.0000845	 0.0000039	 0.0000845	 0.0000039
pujol	 4000	 5300	 2000	 0.0132874	 0.0028617	 0.0009649	 0.0001996	 0.0130608	 0.0028145	 5399	 27060000.0000	 0.0132874	 0.0028617	 0.0009649	 0.0001996	 0.0132874	 0.0027308	 0.0009606	 0.0002023	 0.0132874	 0.0027308	 0.0009606	 0.0002023	 22.5	 566477	 0.0000273	 0.0000038	 0.0000273	 0.0000038
pujol	 4000	 5300	 2000	 0.0159401	 0.0022567	 0.0004367	 0.0001681	 0.0158341	 0.0022657	 5417	 27060000.0000	 0.0159401	 0.0022567	 0.0004367	 0.0001681	 0.0159401	 0.0022603	 0.0004331	 0.0001722	 0.0159401	 0.0022603	 0.0004331	 0.0001722	 23.5	 1229279	 0.0000653	 0.0000037	 0.0000653	 0.0000037
pujol	 4000	 5300	 2000	 -0.0047628	 0.0035909	 0.0000559	 0.0002289	 -0.0048941	 0.0036927	 5434	 27060000.0000	 -0.0047628	 0.0035909	 0.0000559	 0.0002289	 -0.0047628	 0.0035280	 0.0000545	 0.0002244	 -0.0047628	 0.0035280	 0.0000545	 0.0002244	 24.5	 2019089	 0.0000637	 0.0000053	 0.0000637	 0.0000053
pujol	 4000	 5300	 2000	 -0.1746699	 0.0086012	 0.0004375	 0.0004659	 -0.1747056	 0.0085929	 5452	 27060000.0000	 -0.1746699	 0.0086012	 0.0004375	 0.0004659	 -0.1746699	 0.0083962	 0.0004382	 0.0004614	 -0.1746699	 0.0083962	 0.0004382	 0.0004614	 25.5	 1394402	 0.0001794	 0.0000067	 0.0001794	 0.0000067
pujol	 4000	 5300	 2000	 -0.0392279	 0.0024036	 0.0003757	 0.0001424	 -0.0391907	 0.0024143	 5469	 27060000.0000	 -0.0392279	 0.0024036	 0.0003757	 0.0001424	 -0.0392279	 0.0024118	 0.0003740	 0.0001506	 -0.0392279	 0.0024118	 0.0003740	 0.0001506	 26.5	 5545462	 0.0000701	 0.0000030	 0.0000701	 0.0000030
